91
0	0
0.25	0
0.5	0
0.75	0
1	0
1.25	0
1.5	0
1.75	0
2	0
2.25	0
2.5	0
2.75	0
3	0
3.25	0
3.5	0
3.75	0
4	0
4.25	0
4.5	0
4.75	0
5	0.0001
5.25	0
5.5	0.0004
5.75	0.0003
6	0.001
6.25	0.0014
6.5	0.0025
6.75	0.0025
7	0.0045
7.25	0.007
7.5	0.0087
7.75	0.0122
8	0.0168
8.25	0.0251
8.5	0.0292
8.75	0.0347
9	0.0426
9.25	0.0542
9.5	0.0677
9.75	0.0765
10	0.0907
10.25	0.1114
10.5	0.1264
10.75	0.1433
11	0.1579
11.25	0.1802
11.5	0.1974
11.75	0.2159
12	0.2402
12.25	0.256
12.5	0.2835
12.75	0.3048
13	0.3199
13.25	0.3467
13.5	0.3635
13.75	0.3896
14	0.4067
14.25	0.4232
14.5	0.4495
14.75	0.456
15	0.4769
15.25	0.5057
15.5	0.5167
15.75	0.541
16	0.5491
16.25	0.5595
16.5	0.5905
16.75	0.5892
17	0.6101
17.25	0.6287
17.5	0.634
17.75	0.6452
18	0.6618
18.25	0.6737
18.5	0.6722
18.75	0.6957
19	0.6997
19.25	0.7219
19.5	0.7193
19.75	0.7262
20	0.7353
20.25	0.7474
20.5	0.7546
20.75	0.7575
21	0.7578
21.25	0.7627
21.5	0.7729
21.75	0.7733
22	0.7893
22.25	0.7864
22.5	0.7944
