833575	805899	865556	856954	858066	845991	828779	806007
834401	806520	860016	858008	861233	845502	827596	805590
834875	807863	859622	856762	856197	847422	829863	802846
836122	809854	865982	858442	857403	851328	827827	804781
836521	808219	862792	861011	859205	847654	832477	805151
837871	809806	869135	859930	859294	853719	828925	806403
837997	811292	874381	865632	863611	856739	832413	808352
837217	807279	868408	867101	864833	851441	829376	804928
836127	812315	868494	860264	858988	851679	829245	805075
838043	811500	873205	867722	861169	852888	830961	806657
834152	811940	868844	864832	856845	852576	830640	806957
839727	812317	866015	863251	858987	851992	829740	811047
842353	808746	869333	865448	857661	854854	831501	804525
838512	812422	870565	863890	866981	853783	832838	807717
837976	804486	867390	868404	858517	852027	829600	804503
845090	811289	872766	871748	864597	854396	835011	808360
841293	810560	870937	869608	862533	851852	835276	805730
837613	809708	868950	868674	867536	855559	832413	807624
840645	809745	869052	868494	865252	853855	837626	808315
837059	807471	866661	865050	862049	856315	829180	804955
843136	813419	871952	871650	868452	859879	835203	809802
841035	810326	869591	869816	865398	852549	835573	806661
840126	810082	871544	868348	865366	854712	835108	808348
841768	806758	871360	870168	868295	856085	834398	808033
841060	807970	863138	867359	858013	851360	832018	805957
844498	811684	873831	863585	868829	851950	832712	808415
842248	809928	871992	867704	869353	860079	835504	807626
840046	811480	868297	868925	868736	853431	833104	807345
839603	810004	865859	871945	864791	858155	835452	808300
840709	810089	869411	870137	861620	854311	830389	805601
838648	810355	873620	866366	860264	852156	830677	807585
837435	809160	869213	865691	862430	847733	832089	806128
835888	809511	867935	866543	863416	853336	832231	806432
838462	809529	865968	866853	861119	846715	831091	805999
838583	810197	869272	865334	856272	850246	831836	806851
833354	807662	867279	861233	862554	850927	828734	805865
835933	808644	867113	866358	857730	852217	829303	809615
836214	810090	863373	860796	861691	856754	833108	807217
833845	807918	861224	856474	857472	847828	828087	805143
837266	807596	863731	862200	859362	850079	827628	805967
838907	808347	864748	864394	860639	851506	830081	805548
836490	809792	859196	861776	857798	847874	829883	804675
835663	809879	865375	863712	855657	849377	825858	807303
836544	811099	863138	861928	856425	848366	828825	807558
831422	807903	863234	855553	854669	848241	828201	806224
836401	811794	860452	865500	856410	848146	827006	810032
841224	811698	864646	856818	860905	846977	830951	808833
836587	810304	873446	863128	857655	848257	831551	806884
832988	806916	862225	859648	858324	848879	827361	807360
835164	810434	859087	855867	857077	847000	828892	807383
829587	808642	859992	856726	852072	843674	826218	807144
826028	808359	855505	850356	847475	839191	821591	806122
831906	811136	861874	858135	852089	843436	828098	807046
812006	812689	811089	810704	808749	810643	808979	809088
833923	847050	864927	859061	806672	848757	826289	807680
831310	852497	866616	857581	807149	845212	827359	807729
831780	848831	861598	854786	805377	845556	820585	808123
830155	847954	858238	856996	806188	842890	824556	806134
832500	853004	857604	857632	806274	844728	825698	804251
830784	854390	861977	856992	807347	845084	828061	808899
828461	852368	861590	859860	806526	846630	828546	807454
833671	848811	862075	852867	807921	842879	828792	807259
834566	853298	863520	858438	807483	846241	830627	807274
833884	851363	860583	857040	805067	844481	821407	807317
832915	852936	863111	858645	808801	845911	828039	806225
831562	850298	860713	862067	807911	847278	825228	807188
834111	849694	863064	860563	810283	846625	826921	809271
833164	850395	858854	858128	807690	842686	825930	808616
832868	853266	855846	856376	809164	845423	823352	807111
832024	845065	860158	859785	806865	838249	825312	808335
833143	850919	865941	860772	809963	849224	828430	808745
835764	856486	863925	859498	808032	845193	827348	806391
838457	853483	864535	860779	806696	847203	826737	807017
828066	851716	862057	856893	805919	844431	825836	808149
835967	852552	864589	867303	809469	845233	828809	808082
830961	854952	862883	862794	806452	845728	826588	807233
833216	854807	863630	857684	807277	841983	825924	807225
830268	848775	857383	860015	806372	840833	822217	805638
840137	857974	868509	863344	808700	850726	828354	809431
836706	854770	868870	858901	808884	851587	827768	808494
828717	850190	856864	854003	807298	843657	826500	806018
834111	853648	864347	859744	809345	842970	827913	806752
833856	853633	858082	860124	806984	841562	823852	805999
834721	854228	867459	864538	812040	848429	826021	808731
830032	850317	861425	857852	805046	850491	824851	807908
832616	854327	863148	860292	809020	845958	827596	806878
833454	855433	870065	863148	810320	849580	828089	808229
831146	850189	861763	859781	806451	840749	822571	806684
836585	854203	862641	864241	808308	850191	826258	807098
830487	852960	866021	859278	804817	846978	826014	803333
832482	851673	866089	861862	809762	851949	829400	808393
834483	850923	860081	861668	808364	847659	828429	806031
834089	853345	864278	857589	809518	842230	826725	807565
834977	852636	865421	861228	807216	845407	825597	806420
834438	854138	866324	863899	806981	844851	825463	803928
839016	813198	864441	860301	861020	852892	828145	808402
835792	808576	861395	860912	857221	846745	826452	806695
833828	807089	866499	861540	857951	848246	827191	806707
831076	810348	864804	860226	856161	849457	826800	806388
833723	808708	867353	873495	862173	850823	830930	808880
837446	807715	874186	870867	860319	855794	834708	807057
832569	809881	864668	864017	863000	855092	830655	805284
832914	808602	865338	868790	859583	850394	828210	805018
837513	811726	861798	864359	856682	851717	826442	808948
832788	808786	862820	857055	851866	842930	827338	809876
835364	809162	863843	858994	859300	849577	827276	808091
833706	809952	869001	867823	866255	855290	833229	809406
834180	810495	871335	868169	858290	849489	829067	806876
835404	809779	862594	860302	859252	849976	828058	808215
836541	807360	857034	856843	855083	848395	827199	807257
834560	808026	861367	858627	857374	849330	827785	806547
833528	806738	861384	863744	861755	850722	825883	804910
837043	810215	863714	861850	858611	849192	827767	808596
832461	811643	858565	860083	858413	848228	831446	807500
836895	810734	862873	861545	857616	848474	832293	807882
832443	806822	862634	859604	856316	846045	828398	806623
834684	807964	862989	863122	858289	848284	826905	808220
834219	809089	864924	861534	859163	849336	829808	804876
840153	811235	865953	864042	855874	852459	827108	807202
835978	806829	863665	862093	860847	848488	827455	804792
833305	812410	862846	863125	864695	855236	825940	809464
837656	808044	863321	864489	859666	849700	826484	806085
836576	809787	866099	863555	857875	847722	828860	811070
841344	809094	867320	861045	863230	853763	830437	808117
835050	808620	862716	861277	862401	851986	833229	807611
834553	807585	867527	866199	862006	850258	827637	805686
841182	808772	867796	864059	857211	851107	828786	806702
839877	810424	864592	865898	861913	850491	832992	809045
841627	813257	866765	868964	862666	856351	832716	807488
838342	813132	869026	873418	866856	855029	832234	811173
834007	809874	864625	868417	860617	852943	827995	804610
838549	809351	873044	863027	859148	852238	830764	809457
836434	810855	863816	867282	862108	846889	827232	807358
832556	808618	860192	858414	853055	846003	822179	805686
835918	811900	870046	866965	867030	853206	833498	808341
831280	806136	866155	865602	860061	853081	826707	804912
835259	810204	869301	863338	867884	853685	829058	807967
836713	809920	869824	867442	862862	849182	828450	806528
836215	811360	871314	870309	868262	852647	830177	805968
839862	812916	865908	866152	858379	853627	826490	807298
837000	811327	870972	866055	859767	851870	831963	809505
844339	809015	869404	866808	861774	856886	831209	806813
839969	812267	873155	871401	866761	852338	834034	809187
840688	810531	871277	873879	859537	855246	829410	805338
839472	810039	869105	867865	863254	854744	832610	811343
836752	809933	863819	867464	864746	846990	827186	807780
836505	807598	867810	863884	859910	847286	826170	805242
838064	810935	864652	862479	859817	855828	830500	808935
833125	807982	864735	860759	855981	844938	826526	803883
833914	807585	858249	861321	855732	849294	825933	805799
836184	812539	866219	864291	864680	852873	829929	808866
834472	811227	866853	864241	856897	846450	828361	808392
835794	812307	862268	860014	856531	851898	827897	807650
837518	812311	865268	862846	855856	852435	829583	808806
838570	808789	864794	862926	859350	848486	826684	807875
837556	809644	870487	863711	864449	851655	832904	807433
846154	810326	872715	864816	860224	860016	830732	809308
838594	810693	870255	864275	861597	849607	830981	806503
836260	809540	866582	872143	865810	852687	832261	806999
844360	810281	869116	863220	863659	855653	828482	806217
839114	811779	870290	867351	862416	857723	833888	809479
843679	811603	873929	870382	864681	855111	831871	809470
839607	809452	870275	860529	864223	856284	832999	805802
838318	809273	866304	865964	866400	853023	835220	809946
837919	810998	865124	866399	861349	853418	832164	807338
839967	807275	867681	863769	862667	852507	830209	807388
834643	809728	859134	865015	862137	849273	829894	808379
836343	809445	871564	862770	865542	851939	827640	806936
838409	808102	865185	868229	860629	847286	831308	805375
839932	810993	870592	870072	864247	853943	829351	806104
844606	810901	869493	862764	867329	852165	832149	808538
836259	811457	863763	866701	860086	848551	830588	808293
837393	808416	864713	863139	855603	855038	831441	805477
841267	808477	872607	867396	866142	856215	829074	806216
837422	810054	866409	864826	864669	857798	832914	807956
838358	808153	867948	868989	859861	853720	828811	807067
835918	811871	866626	869533	862435	854022	830975	808716
839281	809844	867550	865101	867021	850509	829218	806877
842248	810573	869342	865553	866147	858991	834763	808206
836149	808256	865286	870748	865536	855052	828707	806955
832812	808524	865120	862865	857144	850233	826296	806523
837429	807834	867459	864986	860436	855601	831822	806765
837337	810620	866819	868303	867962	851177	830479	805746
838727	811340	874295	873950	866917	854727	833042	812124
840829	806862	872965	863314	866521	851129	826288	806479
840621	809672	870922	867626	865265	851936	831150	810506
837892	809218	871573	861923	865566	851792	830287	807789
836333	807819	860766	863406	856203	847696	828863	806130
842231	808840	868886	862102	866948	854167	831793	806654
838770	809980	867389	863337	863786	846526	829849	805795
837822	810492	867388	861902	858662	852932	829711	807948
836621	810785	865017	861017	859835	856120	831051	807944
834546	832429	865222	857729	857104	826939	826738	805159
840898	857336	873301	867197	867617	806835	827878	805976
841118	862474	873999	867394	862644	809263	828311	807689
837609	856564	866319	865341	869017	809515	830518	809570
836839	854721	866736	867218	863074	810422	827661	807633
839483	862043	870863	870959	864112	809513	828539	807823
837776	851759	863447	860405	861504	806715	826052	807848
836558	855756	873951	867215	865537	808682	824558	808914
836456	853644	868025	867141	861469	807717	828390	804414
840262	854037	868175	865224	864839	810148	827845	809333
831686	851992	867513	865869	862862	809237	827647	808460
836837	857252	865515	862731	861809	809964	827015	808391
834793	853007	865618	863558	861050	806907	823401	806787
835433	853879	866434	862341	861434	805852	824333	805396
839660	854960	869560	867420	862611	808340	825234	808018
841338	860853	866573	869322	863728	809947	828980	809905
833497	856687	866869	862951	868027	808692	826901	807610
833956	852851	870184	869876	869699	808062	829120	806223
832642	855004	868155	865023	858754	805599	825411	806879
837670	854696	865184	865504	862344	809301	831542	808644
837601	856387	869842	861580	864777	809375	828743	808677
840254	856161	872666	864648	863532	808677	828316	808157
834067	857823	866924	863993	860059	807436	827377	806655
833599	855912	863433	857845	858410	809026	825692	809133
837095	855446	870555	859698	865095	808844	826056	807588
841680	855522	865930	863111	870494	806531	826143	804732
838324	857875	870375	869890	864333	809327	831282	808826
838986	854587	867953	870634	860590	809266	828511	808074
834017	850460	866948	863265	863591	807842	823148	805777
838673	859656	875064	868962	862536	809111	830101	809365
837365	857488	867151	864930	865501	807341	826571	807184
836921	858213	869574	868941	871385	807396	827575	807046
838995	857702	865499	865852	861936	807118	830099	807646
839542	855897	867578	860781	867726	806397	825728	809001
840207	858459	871697	865294	867908	809575	830265	808494
840705	858615	868929	869391	864829	808492	832040	807224
833591	857486	864934	868290	864289	809347	830542	809088
835673	852799	870127	861534	865422	808614	828069	809209
834743	850239	862866	863908	855368	806537	824023	807258
833480	857141	871352	867187	864807	807828	826272	806060
837505	857936	870353	870620	863576	809719	827886	808538
840713	851832	869663	863754	860160	808009	825380	808705
837237	855717	872044	867910	863668	809381	828288	809548
835849	858391	868095	867061	863311	807542	827288	806179
836458	858978	869170	870682	864603	809350	828196	806498
839834	854200	876817	869126	866663	807609	829876	806955
835473	856853	871468	866298	863769	809251	829991	809167
838548	859452	874262	868648	863987	808521	827212	806753
839120	856657	869691	864930	864917	809146	827151	808942
838452	860213	868971	866717	862379	808293	830266	809112
835034	852290	864235	862680	856866	810786	825508	807393
836188	852719	863591	865461	862002	809347	825278	807945
832199	850378	865234	857436	863661	808186	824046	806705
835069	857540	865236	865324	858259	808225	825996	807728
832500	852096	863990	866048	857530	809526	824655	807304
836238	850411	862337	864600	857657	807825	824465	807436
833760	854940	866204	864420	866990	806371	826129	808449
836062	858099	869253	864358	807857	846971	825584	807418
838061	856381	869162	863150	808102	848178	826197	808416
842109	856759	867879	861745	808772	850801	823605	807465
832244	856205	863475	864802	806741	848233	827183	807514
828856	851734	860221	851772	808324	840075	820344	809644
833221	848536	865600	863041	806699	846956	822122	805418
832184	852579	864557	859063	804802	847996	824951	803527
834266	856050	868874	867196	809335	846637	824021	806153
835021	854644	865879	864517	803328	848079	826438	804861
834836	850740	861476	864612	807288	847367	824771	806265
830960	850022	863904	862296	808728	847311	826961	806647
830890	851817	863619	857655	807452	845611	826362	805664
835934	854098	865312	862232	808843	850221	829870	808625
834499	856093	869963	864988	809327	849432	829270	807636
831719	852192	863071	866119	810204	849334	827178	810060
837096	856648	865228	863228	809166	847142	826126	809119
830330	852228	861680	859508	806541	847648	828078	805716
836915	848911	867316	863573	809533	848990	826041	809602
832746	849677	864025	858581	809295	846439	825709	807348
833353	851531	864447	863348	807547	847614	826013	807338
834799	855727	866186	863570	808983	847476	824627	809098
836210	850052	869550	860737	809888	847742	825940	808141
829107	850374	870802	861832	805988	845871	822192	806316
832405	849610	866745	860122	809603	846709	825482	807369
832693	850092	867455	863347	808034	846668	825169	807645
836975	855271	866461	863248	812111	849157	827670	809954
833270	855640	866032	863621	807599	850252	826743	810400
831151	847626	867170	857386	807890	841580	824479	808964
826572	846577	858639	861103	807705	840266	824647	804741
832549	853220	867174	857316	810427	848548	824382	808599
832422	848553	860426	862353	808154	844370	822906	806722
830513	851842	857179	855722	807296	842051	826473	806709
837798	855493	869621	864012	809130	849868	825780	809549
836664	856813	865787	865005	812113	847158	828947	808763
834635	849264	866665	862294	808285	850352	826574	807233
830419	845570	859344	858364	807842	842193	824050	807221
832816	851734	859850	862530	806369	840405	824679	806964
833834	849823	860079	859061	808522	848584	824397	807958
833714	851867	864261	859953	806888	842175	821317	807016
833120	853236	861738	859326	810008	844638	826175	808862
828373	850973	863884	864168	807052	844828	826384	807790
832057	849007	864338	857415	807844	845158	823123	807302
831191	847439	862522	865033	806199	844356	822023	807745
832909	855246	866926	864189	808309	841832	822809	806046
832603	849352	861264	860273	809141	844329	823915	807077
832986	854328	869735	865185	810477	846387	823246	806939
834188	855131	863429	863041	808166	846611	822675	807173
837487	848092	862985	861583	808778	847270	826957	807678
834107	856760	869250	861261	811798	850948	826398	810158
830525	847979	859185	855461	809515	843521	821462	807553
833857	852139	866830	868801	807965	846142	824470	809228
828807	845310	860929	859207	808721	842139	823990	808548
833404	847838	863504	856124	808561	841984	822586	809328
830869	846290	861247	858866	809282	841980	822007	806528
830920	849533	860507	862212	806115	842090	823841	807114
832486	845936	864955	857458	852438	807648	822868	808077
829281	845908	854614	859150	857097	807555	823092	806503
835925	851717	862710	867126	861983	808353	823368	807658
831045	851652	862420	854967	854309	807121	822406	807150
830173	853360	865242	865312	853788	807934	821456	807711
830620	844356	864531	857870	855291	807481	820078	807914
830314	847637	863753	860793	859732	808856	823227	807501
831643	850200	861883	862067	856395	809620	823918	807700
833118	844624	862300	857250	854415	807436	823582	808077
830539	849704	864022	861972	862549	807042	821825	808704
833581	850818	864092	862023	858056	805985	822289	807381
833940	844926	861492	859991	860392	810274	825576	807707
828173	849240	858903	856793	855899	806525	820768	805673
829930	847833	858038	857038	852771	806930	820381	806334
829601	845391	858192	854470	854540	805824	821974	808870
831225	850367	862695	857259	855571	809087	822685	806861
832129	847874	864407	859139	858230	808414	824167	808220
831272	847721	859574	857348	862046	806612	821576	807368
829828	849961	865014	862465	854575	807823	819960	808539
829161	841745	863654	857988	854576	808619	821253	808371
834272	844196	864925	857748	856411	810038	823351	808950
833041	845395	866260	862703	856553	808640	823843	808838
831972	849783	865336	858613	854418	806964	822876	806888
832603	849285	862258	864005	860426	807105	824950	809199
836228	850628	864114	863748	859283	809717	826224	808473
836608	850133	863835	857978	855089	812176	826130	808913
832023	845918	865939	863527	854246	806924	822349	806787
828300	848077	861331	856860	858548	807420	825262	808114
833219	846971	863723	861214	854438	806777	822163	806009
829766	846714	862236	856941	853851	810580	823213	808177
833305	848409	862725	858851	859045	811213	823809	809230
829373	845354	859091	853692	853323	808987	822605	807768
833796	847964	861097	858487	856686	808099	822877	807364
829349	847134	858408	858513	856636	809442	821685	807471
828781	848767	864947	853942	854018	809685	821557	805861
830193	848996	864390	860991	855742	808201	822111	805661
828549	843448	856021	857734	851207	807406	819444	808423
826491	845107	854597	853907	852214	807899	821850	807671
830369	847649	860363	857672	847305	808929	821470	808253
826922	842372	857113	854784	854588	808571	820169	806299
828470	842302	857958	853547	849761	806987	819067	809537
834752	846721	862971	855963	857434	811354	823865	810566
829403	847421	865747	859302	854224	807435	821938	806679
830843	848204	862440	858544	854967	808521	823018	806235
833043	847884	862625	860287	855504	810096	824353	809590
830134	846027	857735	851177	853033	807603	823908	807116
829679	847635	860722	862195	851484	808572	822016	809084
829161	846006	864943	852892	852714	809608	821536	808533
829002	846218	861125	854950	851702	808000	817956	807126
826655	850443	860458	857040	855648	808796	820903	809094
831392	845811	858343	854992	859940	807630	820788	806714
825911	845560	857687	857412	851365	806556	819749	805480
831704	847004	866024	859404	855961	806274	825673	808968
827650	844348	851812	855010	847476	808714	820614	808418
828380	840637	852325	853147	850407	806109	819521	808163
827763	845162	861295	858269	852550	809776	822239	809260
806810	810831	809288	807379	809454	808443	806979	807714
808609	809917	809348	807832	808024	807874	805830	806290
811951	812766	811081	810635	809731	809627	808041	808599
813580	814232	815550	813508	810410	812024	808196	805327
824617	847820	861121	852126	807951	842031	821268	803822
831467	847801	859738	858162	807176	841341	822761	806792
828265	844818	858974	857456	808015	844069	822550	807902
833904	849371	856836	862843	806586	840538	822740	808315
831504	845355	859355	851900	808407	842858	824399	808020
827989	847644	857200	857230	807682	838078	818843	806059
830206	845146	864297	858703	808426	841751	820671	806929
825376	845624	853415	860347	807776	839292	822340	808769
829840	847636	857063	854140	807315	835605	818796	804594
826910	846465	858495	857129	806311	841389	818834	803880
833266	845905	859634	855882	807245	841648	821261	808499
830606	847542	859962	862063	807521	841162	819151	805207
830951	847881	864497	860173	808327	841714	824017	808209
831272	846699	858737	862933	809028	840442	821997	807095
830467	846212	861518	862151	809392	845227	822275	809780
829239	845489	861236	855403	809035	837592	823592	807326
827151	845626	864648	861110	808430	839127	820876	806795
828832	845137	859011	852367	807974	840111	820348	808232
827324	842757	863286	860715	806466	842860	822073	805087
827489	844563	854727	850648	808951	837653	821395	808788
828121	844399	853957	855120	806922	837650	822371	808589
829851	849030	862434	856755	807528	841717	819087	808655
823965	844087	856621	857941	806502	842973	821472	809014
831573	843907	862998	859447	809603	841194	823950	806789
828275	844104	859369	853686	806879	838897	820250	805324
829557	849366	861638	858297	809127	840762	821815	808588
828129	842934	859061	850997	807334	839400	818036	807247
829749	849667	859013	860652	806932	843402	818561	807814
828477	848964	856696	857146	809139	842670	821510	808037
829716	843308	860174	860618	809759	844003	823003	808059
827189	847803	858964	850157	805624	841802	820173	806706
829331	844138	857588	856156	807623	841767	822260	809114
828433	846477	860237	854784	807524	842191	820016	805343
827662	843815	857784	848754	808053	838643	822439	805487
830409	839552	860376	857990	808798	842304	821610	809032
827777	840107	857054	853427	808116	844159	823995	808136
832813	846319	862677	855877	809951	845395	821931	808656
825391	848083	859763	850590	806760	838408	820321	807816
830140	850776	860823	856331	808897	838082	819280	808937
828256	847485	862421	852852	807113	839829	821322	807321
829304	842921	858594	858004	808550	838720	820725	805107
826027	847536	859068	862423	805617	839326	818564	806921
831203	840254	859576	854930	808216	838177	821955	807902
824076	837241	848031	848370	804440	836132	815711	805028
826988	842274	857494	858493	805964	842209	821621	805155
829655	843621	861206	857215	807981	837254	819953	807815
824377	843951	853163	855603	804231	837779	818798	803215
829642	845733	858983	854475	806514	838833	820227	807131
829194	846677	860233	859680	805825	842364	822658	806214
831129	845339	859480	860262	809197	842930	824520	806134
827043	846997	861963	853408	807948	840631	821245	806090
830375	843105	857584	855823	809761	836436	820756	808630
829795	845031	861111	856266	808445	837189	827043	808913
826259	842656	857828	854393	806483	836094	817640	807874
827456	845675	860303	857410	808128	841958	822459	805691
830594	845110	861671	853722	809205	841083	819160	806215
828791	843410	857319	854283	808130	838836	820773	807797
825419	842368	850592	856298	803438	838867	818416	805459
828983	849461	855329	858016	810919	836611	818433	808026
824591	844872	860489	861550	806377	837258	817882	806279
830734	844848	856562	857165	810298	841307	819710	807320
828105	844530	855552	858232	805976	837813	820453	807832
830655	848965	861046	855146	808541	841373	822887	809731
829531	849254	860380	860296	812452	844995	820564	809521
829556	845094	863313	856659	808472	842219	819618	807686
830893	848444	857203	922518	808493	843980	822049	806011
828437	846472	862404	858756	807952	842226	820940	807369
827852	843886	858286	854297	806792	840011	820386	805112
828823	844639	855783	851835	808281	838567	819119	810495
824049	842036	855141	851360	806051	838231	819990	804352
827622	845616	859941	853687	808203	840921	822047	806597
832972	843088	863293	856540	809755	843734	824121	809504
826630	842548	859814	853211	807456	838568	821148	807846
826449	843076	854466	850177	808947	835420	819339	805717
832181	842672	857945	856554	807713	839047	820218	807374
826942	845627	860814	853541	808550	834857	823016	808585
826166	841843	856761	850361	808827	839099	820374	808928
824908	841401	855907	850282	807250	834731	817246	806564
824138	840916	856640	850255	809062	835970	818228	805251
828779	837330	853495	856809	809503	837427	818461	808035
826492	841628	858083	852448	809913	838572	821840	808444
824680	842359	858870	854830	805575	839079	821678	806295
827665	845295	856353	855149	807634	839557	822414	809885
824005	835302	850975	851486	810211	835688	820325	807606
826172	837917	854023	850480	807211	834305	817578	804952
825743	839591	851834	850998	805881	835005	815548	807228
826538	845010	855652	857643	809308	841709	817290	805675
826943	842275	849574	852168	808687	835889	818871	809257
828383	841289	860853	851291	809487	836715	821992	808009
822101	841996	853456	847871	806309	835769	816918	805106
827143	841665	857172	855736	808958	833903	819309	810104
826136	842403	859355	849168	809121	837091	817577	808562
828160	841077	848201	849715	809459	833652	819644	807338
826534	844510	850291	849504	809022	834440	820069	808369
825048	842282	860057	850991	806118	835065	817859	806700
831081	843009	861688	854555	807573	836951	820801	809049
827670	845922	855958	854990	810700	840058	821832	808386
826642	838621	856080	849441	808183	834793	821005	808123
824541	841131	853819	852486	806255	832307	816264	806557
827293	843928	863093	862138	808851	840209	820046	806257
831502	848416	860187	857093	809083	838880	820800	807474
828367	845674	861835	857791	810499	840168	821872	808965
830166	840796	858246	858316	809148	835741	818331	806167
824549	841631	856780	852780	806729	838136	819010	806073
825261	844997	855243	849074	808845	835280	818155	806604
828109	841815	857531	852743	844682	808570	817733	807846
825696	842307	861571	855305	849985	806615	818602	808457
824924	841186	858065	855760	850934	809217	819393	807609
828970	838715	853545	855162	849726	807377	816499	806751
827121	840574	852855	847335	848848	808849	819111	806073
823506	841122	855302	856821	851557	807923	819689	808523
