809870	819091	821239	823776	802413	815890	815326	810975	799883
818012	826738	828873	831164	827463	821103	819068	808544	805778
820985	828193	835295	835276	829846	828526	808336	821993	809818
818414	811126	832184	837753	836669	828296	823735	817177	806407
818380	831525	833922	835024	809960	828512	823672	822319	806509
821504	831222	806935	838856	833343	824568	822358	822486	807023
818459	831757	809364	838752	837970	832337	824663	822082	809455
819364	831607	834415	835014	829840	805864	821507	817623	804738
889647	829576	837092	836292	833055	825263	806561	820270	806431
821096	836215	837629	813447	838490	831142	822802	825069	810564
816028	824613	806563	832001	829428	820546	817473	818726	806047
818871	830412	830889	831439	830750	826530	808404	819917	806745
820151	830041	833791	811423	835206	825001	823610	822950	810245
817551	827100	806370	830776	828737	822680	819234	817569	807479
820784	832836	839689	836347	814309	825871	825503	824193	811736
817419	828405	831518	827506	831558	820719	807239	820793	809919
813756	820778	821439	813987	819590	816433	813892	817236	807190
816950	828116	833768	829361	808326	824822	820505	821420	806071
817637	828994	829875	826605	827093	804853	820645	817740	806152
821650	832083	839390	836753	832540	825589	825225	812286	809352
818290	826242	832230	828392	829730	823954	818614	809515	807555
818764	810451	832543	835241	832485	827327	825980	821730	809802
820777	832660	836456	810087	832584	828374	822453	818244	808900
811163	830578	830439	828387	831537	825268	822689	820759	811109
811222	829475	829547	825947	832662	820948	820807	818729	807602
820689	833074	829615	826268	833377	824347	822381	810171	813288
812461	824271	824016	821103	822632	820042	813829	804462	802948
818698	827178	824669	823468	827995	822792	819874	811132	809330
820288	829790	833770	829657	832342	810295	821635	822470	810565
814608	830262	831462	829885	831630	824360	820752	821068	808518
810475	829675	834261	828452	829566	820915	821454	819075	808955
810567	831080	835593	828297	836032	823551	821954	817525	808298
810294	838974	836805	831693	834873	827008	822830	820809	811797
822316	836873	833748	810301	837036	828878	827162	818326	808829
821692	832401	833149	812622	839251	831654	827077	824470	810799
822711	836669	838561	834477	838698	830525	826896	809849	809896
823967	837795	838505	813398	838953	834608	825094	822234	812034
820767	837370	809898	832598	838334	826938	826833	821844	810169
821956	835360	811129	837528	838225	831210	824788	820992	808520
812372	837405	839286	840208	839659	827404	827507	824259	809909
811921	838130	836104	834764	840209	832033	824111	821381	809139
814051	834813	839209	838496	838120	834281	828451	823064	810108
822851	836568	837060	841628	838834	832895	823784	809189	810514
826278	812372	835340	835191	841672	829161	825819	821497	808529
820635	831357	807600	835033	839164	826862	823781	822789	807719
823408	835667	835538	813075	837228	831584	826982	820532	810538
818570	823151	833204	836493	834242	827149	823467	811528	807193
819366	830794	832607	835498	835950	828573	819567	809820	807826
816729	828570	838789	837326	834701	830653	823988	811634	808782
820735	829805	834441	833661	835987	824397	826046	810524	808147
819106	833208	836893	841512	836866	825958	809217	823714	807494
814892	827746	833190	831491	805461	825146	821711	817757	803990
823064	833534	838339	841659	840395	832146	828901	815758	810284
807850	832020	835430	839083	836950	824822	822353	819710	806712
806132	828722	833055	837150	833759	824449	823651	816708	805829
822148	834064	812898	843657	842699	829847	825573	829538	811421
821676	836732	838917	840471	839523	811466	827899	825391	813006
808595	831587	833816	837540	833040	827703	823619	824689	804642
821398	831915	831847	815477	835576	827735	827996	822698	812298
818509	831229	833950	837282	840563	829316	809412	823376	809445
822197	831618	838061	838758	841226	831233	814145	823480	812782
818281	832777	834665	835820	833454	825148	824534	808660	809278
811596	833307	837645	834770	835432	828014	826436	820933	808788
817698	832718	834345	810761	835399	829177	828639	822847	808654
821384	831830	842844	838653	836951	830289	808224	823612	810271
817323	831396	833009	833329	812199	828057	823706	823337	807435
819878	830931	834625	832552	811076	827590	826041	823543	809106
819698	811853	836137	833740	833379	828040	823688	820717	809190
818251	812527	835503	836376	833926	830216	822514	822670	810958
820522	831204	837213	833500	832122	806230	822077	820913	806226
821388	835987	811290	840986	838376	831171	826744	823620	807452
817493	827549	832247	835445	830467	823799	808782	822693	807841
818171	832865	836985	838497	837032	826299	812078	827765	811267
823383	833835	835834	837606	841133	829778	826243	810348	807698
816435	828789	828743	828129	834798	827139	827308	808695	807408
818667	829642	839348	841844	842666	831075	825594	807554	805986
823085	813451	843017	846492	841943	836470	828009	827466	808997
808654	839559	837848	841586	842090	833674	824871	824333	807478
820221	833158	840389	842305	837058	829645	826033	807417	805840
822853	834774	842921	844521	849314	808039	830735	824661	806431
820445	812553	839750	838768	839490	830380	824886	824619	808868
817175	833314	835007	839642	839644	828130	823951	807996	805731
819260	835501	839058	842334	837319	830890	831471	811650	808632
820501	833543	840551	841124	838231	807611	827011	821971	806341
824128	838466	814447	843534	844036	832499	829238	826417	811396
821754	835674	840397	811236	840577	833215	832150	823318	808397
822015	838141	837297	843339	808451	833234	829987	824352	810147
820031	835567	839236	810407	840437	829481	827930	826323	807089
822207	842355	812705	846047	842688	836637	832578	825020	811525
817877	811240	840288	843118	841531	834759	830681	826284	808571
822345	835016	835096	843363	841944	835104	810434	830092	808374
824722	838744	844532	845780	842510	835512	829275	813523	809418
826237	840945	847154	846178	847491	839224	809867	829136	812367
820929	832368	839265	845810	842976	807049	827679	827856	807880
823568	838920	814226	847617	841677	835741	830671	824620	807922
826456	838479	844622	848852	842314	832664	824721	810373	807949
821653	833018	837954	843920	839306	831759	829523	813196	812358
822862	840008	841408	851399	842678	836469	831792	812839	810802
822325	840939	844315	842490	843239	838067	825750	809701	810487
821646	835295	843360	809857	843892	833854	829859	824929	808463
