3	818479	804497	822645	806191	804415	820832	804628	805277	804769	805548
3	820453	805234	820330	805032	805301	823365	806243	821815	806056	804256
3	820186	805897	820346	805620	804984	819697	802752	816667	802623	802202
3	821496	804900	821715	804318	804948	821234	806174	821124	806832	805363
3	822366	805822	819040	803953	805306	820111	805281	820362	804402	805385
3	821877	805382	820858	805162	805466	818129	805379	820593	803937	803239
3	818849	807188	819223	805029	804834	820343	804788	817883	803990	804463
3	818365	804371	819830	804641	804968	819048	803666	818690	805790	804307
3	819825	803814	820142	804290	804059	817851	805908	820348	803692	804395
3	820074	803036	818914	802804	802654	804275	805241	820731	805049	805510
3	819025	803361	818389	804444	805094	821980	805496	817498	804388	804564
3	818945	805073	818892	805219	804086	821328	805736	820668	803118	805928
3	819262	804376	819079	804622	804044	818598	805780	820056	805140	806828
3	819197	804576	818790	803068	804750	806510	804826	818084	805268	804830
3	819100	806166	820677	805441	806585	805917	805655	819359	804233	807011
3	817912	805657	818555	805128	804159	819575	805939	820058	806719	806550
3	817492	803414	818441	803437	803625	816650	805125	818887	805834	805209
3	815759	802665	817400	803383	803291	804442	802824	802662	802935	803755
3	815233	799085	813733	799306	800276	818608	804893	804553	805076	805637
3	819552	802283	817259	802442	801709	816488	802450	820231	803062	802564
3	820389	803498	818378	806056	804954	821691	804675	818847	805485	805794
3	817858	802854	819236	803814	804695	820223	804559	805344	804209	806190
3	821520	806395	821642	805860	806372	818644	803790	821484	803444	804590
3	815128	800011	816424	800551	799913	818627	802576	819911	802815	803604
3	814524	799517	818399	800431	800018	820844	805855	820558	804850	806897
3	820614	804907	824151	804193	805270	818440	802121	818237	802539	803421
3	821289	805571	817975	804388	805088	820008	805520	818542	805011	804686
3	821237	805610	820671	806896	804661	818943	805200	820887	805537	806026
3	821375	806433	820988	805743	806348	823721	805231	804985	805106	804144
3	819148	802245	817735	802122	803973	819236	804610	819277	805420	804242
3	821608	806863	821148	808464	806246	806561	805929	820669	807063	806546
3	821206	804531	820649	804125	802581	816892	804933	819864	806500	804402
3	819046	804624	821288	805744	806058	818829	803835	817801	802699	802986
3	815991	803804	816392	803242	802280	818791	805431	821090	806148	804664
3	820526	807934	821492	806347	806995	818775	806560	806587	805692	805313
3	819096	805050	822525	806031	805894	817227	805260	819205	805221	804743
3	821232	805140	818621	804950	805253	819567	807074	816810	806093	806381
3	820333	805456	821719	805569	807003	822431	803479	803541	805048	804712
3	821581	805679	819027	805142	806670	818341	806562	818128	806682	804606
3	815319	803010	816013	802755	801236	817593	805435	818331	804707	805555
3	816569	801454	818295	801914	801823	817125	803144	819033	803396	802916
3	822016	804957	820350	803646	804103	818645	804621	822444	804429	804356
3	819633	804433	822123	806295	804362	823293	806867	822940	805224	805226
3	821317	806441	820266	805384	804558	802320	803279	818299	802076	802880
3	820193	805388	823447	804322	805178	819121	804172	820522	805638	804289
3	821326	806476	820279	805720	806801	821151	804758	820262	803830	805881
3	818837	805787	820870	804166	804267	818717	803778	818563	801662	802574
3	819535	804637	821470	804619	803794	822794	805741	820445	806263	805370
3	820130	805478	820384	804637	805034	819449	804624	821737	805627	806404
3	822104	806301	821555	804454	804846	824363	807130	807600	807081	808278
3	822222	805559	820649	805030	805667	804519	804078	816506	803897	804564
3	817524	802768	820332	803674	803161	822141	805883	823353	807355	807772
3	820820	804867	822327	803687	804313	804826	803075	818759	803634	803317
3	822925	807368	823774	804985	805059	820664	804765	822271	803894	805752
3	822756	806665	822622	805548	806478	825596	804754	823587	806298	806255
3	820970	805109	820842	804524	803799	822749	806682	822183	805456	804575
3	819399	801441	818228	800718	802228	820387	803494	821128	805150	803719
3	821696	805353	822891	804281	805019	821931	804815	804397	804441	803679
3	826240	804192	825755	803601	806435	821147	802500	822840	802850	803253
3	823912	804005	824533	804634	804803	824770	803944	822700	802385	803946
3	822922	804993	820104	803441	802429	823744	805950	824089	804682	804234
3	827049	805676	826501	805801	804512	821285	804163	823642	803806	804325
3	823729	806029	828241	805549	805047	822884	803447	822721	803803	803118
3	824398	804338	822401	805730	804583	824805	805194	825215	805604	805173
3	823359	804155	822981	805568	804835	824416	804478	821705	802096	802899
3	823217	803208	823223	803666	803349	825161	804465	821695	805592	804811
3	820592	807544	822385	806014	806252	827295	804035	821949	803473	806114
3	821091	802814	824251	804271	803964	820966	802487	802850	802769	803456
3	822467	805553	822542	804596	805733	821162	805145	822286	803853	803972
3	823158	802140	822797	803328	804141	825260	804279	823467	805426	804009
3	823384	805423	826224	806409	807508	821794	806300	822675	803691	804259
3	819553	801837	823361	802282	802863	821947	804747	824282	804054	803318
3	826045	806877	825587	805440	807849	821106	802119	820215	802704	802632
3	819861	802634	820567	802436	801150	820011	802529	821282	802217	802315
3	824445	804882	824981	804534	804916	824678	805839	824123	805263	805039
3	825143	803094	824941	804334	805553	827049	805552	822799	804655	806765
3	826965	804955	823007	804781	804113	828240	804088	822886	802257	803610
3	822574	804013	822921	804405	803527	823628	804602	820063	806051	805527
3	825561	805473	825446	805167	804379	826191	805968	824125	806867	807411
3	823013	800994	824488	801278	801535	825978	803422	824309	804955	803765
3	825529	804620	821877	802884	805243	820199	802377	801657	801495	802112
3	824885	805232	824635	802871	803559	820675	802019	803213	802080	802994
3	823452	804785	822966	804864	804884	823393	804647	824436	803272	804175
3	823939	804297	823260	803426	804205	819158	801844	820379	803244	802981
3	824199	803432	821696	803511	805164	825308	804994	824311	803713	805094
3	823195	807137	825562	805626	806008	824399	804109	804463	804229	803601
3	822083	805599	820233	805144	805936	820648	803611	803846	802881	803745
3	821153	804113	825228	804330	806138	824744	804202	824830	804566	804676
3	823563	802737	823485	804296	803581	824361	804618	823555	803284	804286
3	822611	805131	826045	804075	804188	824224	804897	824475	805289	805025
3	823027	803858	819718	802502	803521	802572	803022	821513	803065	802743
3	823927	802878	821218	801493	803075	821771	802383	825618	803182	804200
3	826337	807069	824330	804016	805360	822760	805501	824636	805395	804945
3	823754	805156	822595	803855	804882	803314	804385	802655	804915	803691
3	824491	804227	822472	804880	805031	826335	806184	827401	807797	805817
3	823491	805845	824158	804662	805695	823926	806338	824191	806158	803519
3	825800	803173	826105	803605	803772	803515	801991	802624	801783	802819
3	823898	804514	827800	804170	804085	824751	805846	824947	806413	805251
3	826995	805546	823828	804463	803368	804902	805451	824771	804853	804744
3	825203	806332	826117	805754	805455	825061	805402	805564	804548	803395
6	827105	805681	825105	803898	803956	826388	807172	826046	806340	807046
6	824709	803785	825793	804672	804909	826528	805003	825801	805786	806254
6	825690	804679	823392	803895	804446	805134	804086	825885	803629	804113
6	826069	805342	826494	805774	806335	825779	806973	806485	806582	806867
6	827175	805430	827222	806192	805835	823136	803223	821303	800796	800940
6	824883	804273	825271	803591	804151	827471	804539	803518	803923	804519
6	827455	805783	826211	806692	805931	804101	806112	824971	803619	803558
6	826660	801358	821275	798999	798853	802402	803013	802170	801999	802554
6	827383	802915	824388	803040	803762	804153	803357	822545	803893	804749
6	826739	802303	823713	803676	804105	826893	803193	803614	803921	802536
6	824733	803966	827024	803679	804659	825489	803706	826628	806251	803054
6	821446	803144	825221	803734	804467	827461	806374	826813	804697	806047
6	821018	804185	830438	805121	805302	826969	804360	825099	802939	804416
6	829131	807738	827955	806672	807747	828253	804811	824899	804480	804609
6	826036	806333	824524	804337	804450	805413	804801	827144	804988	806316
6	821707	803904	822994	804449	804943	806544	803149	804895	805026	804653
6	829667	804407	827884	805303	805479	804356	803434	826890	803999	802288
6	826105	803640	826355	803170	804650	823333	805014	823991	803372	804073
6	827496	805220	829063	805824	804046	824298	801680	801751	801213	800386
6	828289	804436	826036	804646	804443	826968	804898	825176	804736	804784
6	825681	804207	822444	804416	805287	803794	803153	825709	802500	804726
6	826212	803187	826546	803657	805615	803446	805252	821684	804956	804290
6	824147	805030	824123	805068	805223	824140	803951	822461	803674	805870
6	827838	804787	824493	806332	806134	825535	803461	803216	804129	802936
6	825505	804926	824131	803861	805363	824039	805437	826206	804324	805117
6	823665	804132	823387	804619	804483	822714	802171	801846	801184	803064
6	825036	805700	825965	805697	806326	825330	804008	802901	803050	804386
6	827195	806152	826404	804790	805336	804696	805339	825395	803555	803540
6	824697	804720	827417	805585	804993	825534	805516	804963	803148	805502
6	828067	806700	828468	806287	806199	804739	802320	824700	804620	804311
6	825080	807002	824620	806442	806147	804054	805422	802931	804898	804615
6	827069	805105	820348	803914	802981	805523	803405	824841	803886	802943
6	827777	806826	824904	806158	806814	825738	806409	806482	807520	806429
6	823500	803364	827323	803698	805086	823964	805591	805617	805765	803965
6	825480	806480	825016	806091	806214	804521	805516	819226	805346	803821
6	825694	803324	823445	803387	803800	823227	805118	822864	805302	804922
6	824392	803697	822622	804738	804468	823739	804014	804995	802845	803377
6	825158	806431	824819	805868	805422	806672	806168	825443	807069	806303
6	830267	804862	826140	804490	805695	825606	804644	824257	804497	804154
6	826679	805294	821884	803750	803485	805368	802582	825558	803901	804457
6	826344	805340	826727	805189	805151	828274	807587	805813	804766	805926
6	823708	804389	825938	804137	805070	825881	803673	806193	803901	804654
6	829232	803774	824328	802196	803710	807706	806525	805987	805711	805712
6	825432	802617	823269	803324	802864	831426	805548	804667	805784	806938
6	825515	802219	824293	802256	801850	804529	804936	805794	804510	805666
6	824760	804878	827982	805363	805931	826363	804271	827913	805225	804247
6	832177	807879	829567	807441	806622	805292	804677	828941	804605	804967
6	824319	801132	824051	798973	799746	831338	805929	806662	805132	806150
6	827462	804901	829879	805514	803561	828255	806422	805953	805614	807290
6	828198	804783	826152	804607	805842	826082	804128	805520	804628	804112
6	826521	803737	824984	803627	804575	827145	805076	827589	804660	806455
6	830963	805747	826375	803983	803890	828552	806076	803960	803730	805030
6	822238	800878	822314	800902	799984	826378	804889	826389	804193	803942
6	828206	808118	826720	807146	805904	805460	805417	804265	805117	805463
6	828288	805450	828155	805377	804340	804570	804622	823286	802975	803491
6	826120	804437	826188	806668	807148	828187	803426	805250	805978	803671
6	827547	803336	822612	802705	803846	828579	805375	806284	805232	805192
6	826865	804740	823031	806448	807226	822989	802430	803810	802413	803230
6	826863	804606	824680	804631	805566	825185	803985	824891	803957	805750
6	826125	806135	824411	804598	804994	824072	803168	824037	803097	804418
6	830280	805860	823689	805494	805982	825930	804562	823461	805621	804791
6	823163	804024	820398	803743	802451	821355	802495	803381	803831	805186
6	822147	804677	823840	806366	804360	823150	805148	804504	805917	805416
6	830169	803715	824401	805084	805894	805148	803517	823536	804606	804265
6	825390	800209	818144	800219	799355	805585	804471	822380	804091	804767
6	824221	803635	823436	802781	802886	822884	802247	803914	802949	802905
6	823446	804089	820268	805008	803808	802553	802416	802261	802000	801130
6	823848	803873	820011	805218	805605	822337	804856	805464	804186	803996
6	826305	804653	824720	804820	805331	826405	805080	803456	804106	804174
6	827560	805680	824276	803744	805035	806995	805270	805039	803971	804187
6	825734	804920	824241	802988	804467	825546	803935	802670	804478	804811
6	825940	806296	824721	805436	805696	826803	804353	804980	804979	805323
6	828655	804221	825112	804878	805884	825920	804773	825699	804035	805116
6	824857	803539	821937	803428	802927	826713	805879	825307	804988	805691
6	826940	804025	821197	804220	803953	805261	802568	822965	806138	804136
6	827967	805791	825709	805611	805459	824905	804555	804932	804231	804221
6	822245	802759	819880	803450	804131	805931	805811	806965	806087	804513
6	825086	805394	824734	803060	803613	827645	804954	805171	805638	806348
6	824102	805134	822371	803613	803036	825962	801999	818839	801712	801284
6	826096	803727	826683	805268	806716	803467	802240	801072	801156	802238
6	825595	805996	823409	805725	806657	804770	802604	803840	802886	802701
6	825755	803996	825445	803997	804504	828050	805046	825167	806288	805240
6	824020	804619	826389	804428	804944	825523	804116	802686	803244	802970
6	827744	806264	821086	805772	804422	830045	805499	804629	805656	804582
6	826232	804180	822745	803500	803659	827705	804719	805001	804590	806904
6	827259	803232	825366	803032	804823	826614	805093	805729	804180	804696
6	826181	804726	824463	805563	805081	824398	804689	827517	803792	803826
6	827237	805980	825205	805804	805385	807328	804042	805362	804712	806818
6	828614	806900	826781	805875	805946	826640	803637	803042	804719	803782
6	824119	804661	823411	805017	804613	823034	804299	821545	802702	804709
6	827519	806658	827477	807036	807110	805217	804273	825986	804612	804774
6	824206	804329	821917	804401	804835	828437	804144	825254	804988	806124
6	827901	806385	823766	805386	804551	826950	802641	803129	805111	802509
6	827100	803333	824209	803778	802903	803858	801069	802712	802019	802352
6	825101	805337	822021	805928	804127	803398	803455	803582	803110	803613
6	830626	805944	827597	806535	805352	823566	805283	824399	804743	804667
6	823272	799782	823627	800550	800196	805726	805074	804200	803686	803810
6	829507	805068	822754	805759	806867	827745	805487	804480	805620	805515
6	825990	805711	824748	804269	807281	803757	804368	803095	803946	802175
6	826820	803905	824534	806368	806063	804157	803110	803700	803457	803005
9	826660	804052	824695	803048	803489	805257	804071	805791	803905	805805
9	828140	808057	824775	806033	806878	827311	803970	803601	804033	803438
9	825642	802284	822633	804639	802224	804609	802255	803282	803435	804042
9	824422	804464	821135	803110	803141	805119	804453	803941	804074	802820
9	824740	802493	822424	804182	803063	803951	804938	803380	803708	803429
9	826051	804574	827566	805872	806184	804484	805036	803667	805039	804062
9	827377	803127	826907	803979	804700	805208	804536	803170	804183	803225
9	825068	806469	822317	805607	806074	801850	802029	800820	800958	801676
9	825510	804902	822867	804698	803985	804665	804189	804403	805005	804287
9	825344	805604	822331	804965	806271	804860	804685	823493	804791	803788
9	825284	802680	824887	805653	805898	806428	805633	827292	805283	806576
9	824547	804947	829164	805954	805346	823937	805499	805152	804862	806305
9	826668	803174	824096	803964	802938	824246	804814	803046	803054	802526
9	829283	806006	824030	805998	805970	805844	804581	825690	803388	804180
9	830371	804902	828020	806148	805222	824357	802312	802419	802972	803603
9	827449	804792	826326	805670	805232	826949	805740	804974	805390	806844
9	827482	800928	821112	802945	803002	823720	804357	822093	802963	804237
9	828193	806124	824774	805967	806062	804249	804758	802874	803793	803447
9	825206	804998	825561	804797	804753	829394	804990	823151	805069	806025
9	828654	806076	823267	805591	804054	804718	804255	802920	805018	805154
9	825727	802680	822230	804026	803713	827620	804694	805082	805818	804746
9	825584	805782	824160	803706	804807	824399	802262	823775	803958	803204
9	824752	804457	822191	803136	801630	805626	802751	802782	802875	803061
9	828664	806063	822865	804979	805910	803994	802755	801979	802414	802015
9	821753	803869	820671	803429	803228	822977	803291	822376	802445	802934
9	825610	803878	824931	803678	803813	802542	801799	802702	801804	803143
9	825288	804082	824453	804058	803493	825438	805330	803611	804007	804349
9	828716	803611	822234	805265	803993	804363	804090	803953	803596	803052
9	825903	806773	826038	805188	806400	821666	803794	803151	804528	804247
9	825048	803363	821228	802181	804161	807072	806712	805735	805388	804856
9	827896	803198	822649	803643	805069	805104	804099	804286	803356	802779
9	826109	804545	826341	804897	805839	805600	806344	806036	804799	805637
9	824969	805639	821968	804940	804910	805005	803470	802765	804066	803531
9	825502	803765	823396	805065	806301	803168	801884	803240	801027	802180
9	825985	804859	825174	804999	805119	805840	804562	804868	805747	805689
9	827337	804771	822634	803798	803480	827170	804562	824184	804386	803774
9	829033	805465	828011	805751	805710	802722	801805	823834	802632	801538
9	825163	803885	822209	803120	803505	806033	803635	802916	803569	804982
9	828859	804346	822162	803642	805318	826261	804881	804685	803268	804124
9	827219	803503	826011	805677	803417	805983	805386	804420	805325	805635
9	825061	802526	819950	803254	802845	804612	803658	804423	805323	805437
9	826791	804985	828167	805050	805614	803156	804661	824092	803206	805401
9	826730	803319	822996	804401	804368	806115	804706	804808	806095	805476
9	829665	805921	826263	806639	807369	804566	803942	804652	804715	803259
9	829101	804592	827025	805036	805422	805412	805053	805584	804502	803942
9	826456	804473	824534	804799	805355	805414	803981	803816	803394	804484
9	825483	803763	825133	805606	804316	805034	804437	804641	804592	804364
9	829296	803743	823482	805245	804721	829420	805991	804739	804595	805339
9	829081	806820	832088	806855	807146	827393	804887	803689	804920	803762
9	828988	805087	825241	806272	806257	828196	803865	824197	803395	804714
9	827653	804462	828631	805869	804870	826907	804530	803538	803444	804267
9	830197	805045	823687	805612	803989	803619	804627	805137	804442	804557
9	823093	803924	823289	802903	804088	805999	804921	805916	805815	803929
9	825743	802577	820401	802384	802495	803924	803653	802647	803916	803511
9	828401	804572	822961	805427	804981	803997	802576	803596	803849	804390
9	827477	803952	823004	804593	804286	803983	805969	823773	804874	803950
9	828226	807689	823046	805535	806447	827577	804082	802861	804195	805688
9	826392	803663	827274	803448	803658	803930	803733	802942	803796	803916
9	823590	805190	824991	804117	803696	803895	803148	802906	805179	803569
9	828536	806507	829612	805761	806117	806132	805798	804611	805980	805616
9	821454	799960	822030	800524	799721	826465	805018	825662	805195	805640
9	827289	805172	826114	806265	805202	804699	803240	804297	804438	804667
9	826644	806132	827516	805735	804773	805369	804276	805447	805693	804591
9	826741	803092	825560	804149	804194	807499	805515	805372	805154	806238
9	827782	804611	827316	805276	805866	805228	805079	804635	805038	803832
9	829007	806069	825418	804043	804943	804353	803293	823743	803203	804319
9	827819	804047	824316	803238	806646	825738	802437	803601	803127	802702
9	830594	804733	826049	803852	805049	805345	803792	804274	802917	804774
9	828894	804347	825134	804768	807051	803157	803804	804906	805616	803544
9	831259	805052	826966	805211	806178	803774	803512	803902	804597	804766
9	825096	803375	823691	804225	803381	824751	806731	804853	803528	805316
9	824879	802355	826850	802842	802849	803383	803584	801432	802077	802317
9	828484	803461	825617	804711	803250	830314	803837	803224	803112	803537
9	830217	806152	825365	805943	804674	805378	803453	803955	804598	804471
9	830584	805569	824979	804968	805575	834141	805304	806258	805791	805719
9	830619	805212	826344	805277	806193	828490	805290	805080	804745	804834
9	828515	805340	829289	805641	805812	805769	805308	804684	805522	804573
9	828390	805356	826110	804616	805805	831959	805745	805130	804553	806247
9	828263	806036	825989	806316	806022	806563	807143	831431	805843	806592
9	828571	803295	825351	803954	803695	804252	803524	803406	802728	804304
9	827446	805881	823577	806598	806879	806762	804352	804426	805180	804167
9	819042	798196	817620	798858	798714	825106	804302	804477	804693	805257
9	825276	804711	823495	803225	804584	824882	803229	804522	804771	804368
9	824064	806097	825160	805906	805718	804948	804091	806195	805841	804974
9	826946	806330	826731	806567	806305	802666	801958	802532	803478	799994
9	827165	806736	824691	805298	805237	803986	804629	804589	805083	804926
9	826699	805660	825453	804952	803869	828108	804164	805641	804990	804232
9	825249	804311	822326	803776	803319	824726	805238	803031	805052	804992
9	824499	804317	824820	804059	805972	803212	803602	802425	803546	802097
9	823848	805673	821331	804557	804348	804223	804040	803780	803427	804470
9	827965	803910	825908	805036	804672	806024	805676	804950	804132	803277
9	827030	805602	824883	804955	806066	826598	805222	803243	802718	804216
9	825088	805637	825493	804751	808248	803169	802422	802388	802973	804679
9	820676	800223	819676	800164	799412	806083	803617	820648	804096	804642
9	825430	807677	824006	805571	805396	821647	800591	818387	802003	802943
9	823564	803875	824343	804315	804045	805675	804079	806710	805809	804693
9	821703	803353	823968	805872	802508	805881	806309	804390	805138	803882
9	825327	802572	823343	802489	803555	803418	804165	803495	803974	803976
9	825613	804497	823443	804189	803758	824139	805917	804171	803874	805746
9	821554	801414	823154	803455	801590	806364	806185	804514	805106	804815
12	823967	803858	822674	803121	804950	829130	806354	805815	805700	806318
12	824988	804991	825121	805199	805127	805182	803877	824516	803610	804325
12	824284	802439	822141	803375	802857	827589	805871	804648	804004	805325
12	825820	805870	823676	806108	806725	804926	803559	803901	803019	802696
12	820901	802195	821431	801965	803073	804642	803679	803639	802643	803883
12	826561	805367	826668	804495	808634	804022	803809	802562	801922	802199
12	825865	806643	824483	804807	805222	825589	803841	802518	804679	802991
12	827001	805364	821819	804908	805031	824010	804820	804277	803076	804965
12	825234	804541	822863	803325	805295	805411	805069	804796	805523	805460
12	825397	803851	820755	803898	804213	804650	806682	821942	803923	803812
12	827301	805173	826877	805861	806513	827671	806567	804950	804707	806322
12	826727	804387	823261	804766	806836	803301	802972	803210	803901	803844
12	824442	804426	822448	804560	804178	805647	803350	803964	804716	805388
12	826140	805167	824661	805294	804921	824546	803696	801920	803371	803094
12	826621	805826	822832	804999	803138	806924	806289	805092	803745	803763
12	822589	803532	821860	802552	803730	805889	805369	823379	805193	806625
12	823038	803853	821046	802203	803954	824532	803452	803706	801753	803936
12	826382	805660	825418	806762	807302	802570	801732	802176	801990	802805
12	822100	802938	820782	803232	804099	823708	805234	803262	803641	803554
12	823465	804910	822482	804952	804930	803444	801787	802615	803521	803366
12	825230	805764	822384	803740	805930	804436	804034	821328	802462	804384
12	827750	806108	822625	804203	805897	803683	804268	804139	803434	804351
12	829438	808829	827443	808544	808783	827564	806682	805122	805067	804676
12	824670	804856	821734	803969	804257	803794	803880	805066	804318	804034
12	826325	807225	825383	805820	805236	804040	804149	804556	803689	803995
12	826167	805171	823052	804726	805726	804783	804661	804364	805137	803844
12	824726	806073	825092	806072	805335	804866	804740	803804	803327	803681
12	824971	807191	824517	805552	804851	807373	805460	805439	806210	805541
12	824401	803386	822176	804514	803284	806393	806438	805843	806249	804898
12	824410	805372	821087	807064	806666	804655	806045	805494	804003	804089
12	825292	805265	823586	804018	804588	803267	802939	802771	803364	803186
12	825609	804986	822756	805725	806178	802631	803389	819434	802971	803755
12	823480	803557	820448	803373	802854	825175	805036	804776	803987	804202
12	823891	803286	821423	802000	802907	804422	805132	805213	804341	804267
12	828341	803654	820903	804671	804269	806442	805712	805026	805210	806083
12	828359	808403	826333	808183	806332	804078	806210	804184	805032	805323
12	821868	804897	822092	804065	804031	803294	803241	821199	804716	804188
12	823989	804751	819285	805666	807475	806911	804773	804066	805658	804389
12	824098	805566	818873	804977	804425	821591	804836	821248	804166	802493
12	820996	807199	824859	807748	806149	802068	803853	802814	801302	802035
12	821293	805126	822074	806630	805702	804298	803807	804683	805474	804837
12	822224	805596	820557	805117	804541	803902	804860	802351	804404	803798
12	822068	805651	823156	804875	804802	805092	804205	804958	806205	804002
12	817836	803595	817506	801045	801789	803745	803690	804120	804377	803790
12	821720	804668	822268	806117	805982	824713	806072	804157	804126	805721
12	822602	804859	825194	805159	804183	822922	804004	804000	802774	804909
12	821567	803884	823041	804710	805013	805815	805918	806749	804421	805052
12	822865	804983	824771	804028	805257	806302	804217	804286	803662	804898
12	820791	804635	822800	803912	803302	805485	805351	804162	804253	806584
12	825193	806234	826028	803267	805119	804515	800975	801643	801286	802563
12	826265	803804	822837	803314	805403	826127	805044	805925	804074	804750
12	823869	805319	824232	805149	803555	823830	803285	804538	803305	804829
12	824731	804770	821144	803314	803828	805321	803729	805426	805070	805850
12	828994	806045	823000	805689	806037	824358	804068	822581	804557	804226
12	828486	805344	822681	805420	804417	804091	803984	804628	805804	805696
12	820533	803618	822373	803824	804920	806206	805632	804643	804824	804783
12	826016	804741	827139	804180	803575	803984	804077	802187	803159	803310
12	823975	807604	824546	807612	806779	806508	806625	806459	805495	805217
12	826459	807855	822359	804768	806092	805497	803427	804187	803927	803522
12	823081	804725	823393	803128	804378	804302	803970	803380	803545	805443
12	827972	805408	825211	805319	805952	806122	804931	805151	803892	804939
12	825882	806070	827889	805265	807315	804959	804110	804742	805608	805242
12	822876	803251	822382	803473	802115	803258	804317	822963	805716	804224
12	823377	805158	823795	804086	805521	804190	804086	824012	804400	804105
12	823461	805078	823055	805361	804563	806010	804108	805312	805820	804811
12	826389	806793	825510	805498	804566	805862	805833	804901	804264	805510
12	827223	803970	825248	802334	804565	804622	803957	805475	803513	803623
12	824953	805638	824264	804338	804933	804165	803648	804302	805234	804064
12	824627	805368	823288	805554	805910	804505	804408	803716	803404	803252
12	826482	806530	827299	807856	806431	803972	804846	819389	802316	803377
12	827996	807770	826204	804805	805766	807280	806377	826459	805523	807254
12	823626	804850	828567	803358	805327	802980	804542	803569	803949	804695
12	824399	805135	826557	804929	804812	805255	804535	803954	804404	805203
12	826355	804351	823465	804433	806216	804743	803350	804777	804052	804120
12	823631	806784	823376	805087	805261	804973	803158	804273	803910	803768
12	822393	805226	824809	805958	804164	823722	805383	804621	804296	805500
12	826502	806284	826677	805902	807383	803255	804034	803813	803775	804846
12	824360	804482	823959	804695	804970	804596	804973	804898	804288	803958
12	823611	806278	824938	804579	804858	824703	805705	822913	803696	802654
12	824464	804608	823787	803607	805897	804162	804023	824902	803222	803904
12	827257	806544	823716	804956	807122	805337	803696	823389	802942	803806
12	823504	803572	823010	804713	805397	805464	804299	803642	802711	802770
12	828592	803310	820351	804602	805350	806095	804809	804662	806042	804739
12	822818	804617	821370	804191	804709	821757	805710	805454	804254	805397
12	826007	806071	826362	804606	805220	824444	803773	824302	804429	805096
12	825609	806410	825088	806143	807599	825745	804163	825625	803542	803063
12	822419	803090	826925	804292	803365	805671	806164	804718	805201	804379
12	824859	802366	822230	801502	803511	824893	802609	824471	803300	804496
12	829177	805955	827566	807469	808950	804476	804356	823376	805096	802973
12	825097	804095	822575	803741	803847	824460	803967	821764	804998	803705
12	824798	805157	824652	806027	806921	804336	803414	803327	804051	804830
12	821695	800961	820125	800685	800461	805959	804740	803464	804724	804789
12	827869	805452	822448	806705	807831	807203	804271	804446	804671	805801
12	823566	806733	826810	806039	802930	824667	805020	805061	804415	805328
12	825617	804114	826682	804163	806340	805729	804732	804734	804020	804668
12	827300	806017	826471	805214	805593	805582	806086	824701	805839	804109
12	825994	805040	825178	805721	805113	803598	804628	804323	804574	803830
12	824933	809029	825234	805800	807215	821949	806298	823678	804440	806026
12	823752	805607	822706	806679	805094	805739	803628	825763	804665	804820
12	824465	804507	824373	804200	803925	803858	802927	804041	804513	803003
15	823698	807411	825999	804182	805133	826412	805099	804519	805157	804562
15	825058	804218	819140	803958	804720	804081	803730	821286	802967	802588
15	828527	805702	821994	806118	805824	803130	803192	802469	805758	804136
15	823841	805370	822890	803880	805739	822008	804308	821964	803857	803470
15	826433	807168	824662	805663	807485	805510	804212	806254	804582	804747
15	822259	804313	824065	803979	803538	824625	804135	823119	803461	805294
15	824029	804166	824882	804148	803606	820899	803741	803559	804054	802400
15	824984	805381	825612	805404	807051	821695	804793	805930	805483	804594
15	822353	803893	821779	802909	803601	822840	805133	804773	805625	804779
15	826207	806130	824996	806524	806605	824451	805475	823335	806445	804581
15	822985	802408	822975	804091	803967	806048	806870	823812	806200	805297
15	823286	805635	822968	805750	803574	803831	802980	820904	802197	802684
15	825838	804018	825035	804449	803974	803602	804048	821497	802007	803221
15	825670	805780	822151	806321	804887	823970	804280	823571	804056	804972
15	824755	804069	825805	802875	803279	806168	803546	823507	804745	805278
15	823884	802364	819540	803228	802965	827617	804083	823436	803580	805198
15	824176	804368	823428	804424	803238	801743	802913	801358	801769	802668
15	826393	804763	823163	806053	804364	804550	805168	803206	804113	803524
15	825860	808039	827072	805338	806556	805083	805304	823108	806291	809071
15	824384	804519	823110	804592	804737	805300	804108	803304	803658	804268
15	826283	805068	825841	804488	806130	804218	802999	803905	803384	804003
15	826058	806329	826658	808266	806531	803344	802018	821682	802082	802099
15	825436	805371	824162	804709	805047	806521	804632	804544	804353	805419
15	825258	804869	823019	804383	804073	806442	803875	821472	805211	806639
15	824888	806229	824361	804981	804944	803246	805091	803375	803238	804959
15	826514	806525	826910	806908	805157	823243	804750	821494	801952	804098
15	824365	804099	821823	804493	804260	801561	802716	802542	802607	803324
15	825057	806281	822097	805401	806224	805021	804319	804480	804214	803222
15	822461	804323	822149	804650	805592	822571	804921	822329	803274	805450
15	825426	804606	826440	805234	806513	807892	807035	805448	806431	807532
15	825316	805609	823661	806376	804887	824537	806045	802862	804718	802930
15	823707	804225	821262	804989	805310	824804	806979	823713	805990	806350
15	825529	804167	825237	806363	806895	807030	807830	807618	807099	806907
15	822954	803139	822071	802675	801849	802864	804026	821527	803167	803794
15	824841	805289	821466	803917	803516	804710	804590	804858	805025	805077
15	825663	805521	825352	805052	805775	824492	804628	825691	805234	805416
15	824349	804877	822749	801851	802598	805420	806086	806322	804727	804189
15	823904	804647	822696	804586	805621	804672	804997	804501	804098	805468
15	824941	803872	824439	803411	802740	805945	805494	823028	805957	807244
15	824163	804502	824845	805280	806307	804570	803913	804829	804457	804524
15	823511	802740	822312	802041	802443	807052	805394	805490	804751	805797
15	825935	805414	824438	804834	804618	805185	804536	804794	804437	803881
15	825664	804943	823440	803713	805197	804457	804847	805020	803597	803519
15	824897	804933	822721	803887	805033	806389	806472	823956	804415	804507
15	823707	805959	822971	805521	804844	805665	805665	828510	804558	804842
15	830399	806627	823152	807783	808257	823986	804375	822736	804194	805583
15	823506	805673	826091	805381	806521	826580	804014	825221	805494	805428
15	827245	805627	823054	807864	806969	805666	806493	805055	805666	804099
15	821223	804422	825575	803675	803510	825502	805400	822622	805103	805749
15	828630	802831	822409	803405	803631	804089	803981	804630	804972	805046
15	826541	803684	820402	804393	803423	805312	805048	803757	803966	804777
15	826831	804192	821807	803330	803681	804197	805046	804156	805234	806390
15	825285	807574	827726	806083	807007	803966	802557	803352	803359	802217
15	826090	805793	825193	805377	807010	825192	805129	823481	805546	805962
15	825621	806001	823543	805159	804049	808584	806533	806357	808096	807717
15	825462	805273	822893	804837	804270	828673	805467	824304	805481	806255
15	826719	806888	826194	805687	805206	806296	803944	824292	804752	803863
15	825058	805729	821869	804341	807348	806607	805049	803838	805738	805005
15	825903	806653	824949	806865	806851	804081	804354	823445	804061	805206
15	822824	803313	822195	802988	802920	804778	804696	804674	804659	806335
15	824039	803219	822934	802482	803385	824691	804678	804467	802508	804836
15	825062	804056	821300	803949	803640	802294	803212	802474	801732	803364
15	825415	806279	824423	806174	804417	824424	803723	827685	805937	806136
15	820471	805125	823313	804343	805338	827940	804877	825712	804499	806256
15	821677	806291	822115	804671	805259	804995	804693	804250	804948	805415
15	826401	806499	823458	805874	805783	805674	805337	805054	805796	805685
15	823704	803544	821315	804051	804887	806720	805723	805379	805250	804968
15	824517	805530	825748	805449	804657	804712	805141	827304	804214	803893
15	825691	806894	827727	805549	804313	804320	804643	821649	803687	803444
15	827237	806193	821800	805165	805508	805535	804586	804858	804730	805164
15	822724	806099	825387	806793	806475	804297	804158	823020	803235	803860
15	823341	802987	825193	803821	804152	805226	803196	826207	803433	804963
15	826375	803229	821029	803975	805102	806112	806931	827714	804961	806834
15	821317	804742	823369	803469	803965	822079	802944	803051	803756	802902
15	823124	803442	821671	805237	804373	805072	804217	804047	804698	804962
15	823326	803516	823898	803501	804961	804793	804726	803194	805336	805526
15	826753	805515	827975	804276	806581	804052	805206	804923	805402	804632
15	824867	805766	824945	805748	806019	807607	806433	806584	807014	807525
15	825151	806770	826285	807043	807466	803652	802843	805455	803267	803808
15	823944	804051	824141	803226	803868	807464	806290	826498	805489	804981
15	823589	805063	824373	807053	804096	803965	802475	802506	802717	804395
15	823998	804986	823192	803563	805816	804261	805456	823641	805389	806140
15	821898	804135	820402	804775	803379	803037	804085	821042	804951	804345
15	820865	806468	819805	804897	807813	826009	804854	824166	805275	804912
15	823934	807071	825806	808095	806578	806378	805120	803441	805505	803883
15	823983	804035	822604	803148	805607	823910	804954	822918	803794	803851
15	826192	804923	825978	806009	806446	806156	806123	824508	805328	805858
15	822560	804003	821212	804137	804139	805459	804902	804429	803534	805422
15	826432	805803	824948	806227	804265	802506	804642	803807	804381	804398
15	824302	803367	820427	806177	805536	803075	801831	825194	802079	802636
15	824274	804684	822321	804501	804469	822911	803808	823863	803960	802843
15	826887	805656	824839	805275	806871	803074	803070	823805	803103	803923
15	828080	806462	824732	806861	805712	822620	805402	823006	805083	804930
15	825855	803876	824227	804452	804267	806281	803180	825230	803606	805044
15	824687	805920	824256	806338	805504	805180	803823	804156	802616	803559
15	823967	805328	824090	805714	805779	824431	805993	826646	805288	805923
15	822556	803234	822833	803713	804863	804715	804599	821415	805130	804196
15	820949	801633	822304	803681	803249	826538	803999	822515	805741	806188
15	824773	804511	819956	803119	803224	804360	806926	822791	804497	803525
15	827170	806512	822969	805832	807777	802880	803253	803844	803601	805031
18	826219	803222	824228	804744	804125	803847	803157	820018	803405	805206
18	826702	805789	825339	805850	806025	826579	807901	826192	806968	804659
18	823165	805808	824356	805391	803437	805078	804419	823278	804991	804739
18	827096	802374	823431	803482	805175	825145	803927	822784	803888	804399
18	827017	806451	826934	805559	806030	806226	805363	827865	805883	805512
18	826925	805348	823086	805124	804019	826609	806640	824055	805062	805544
18	820903	804937	820411	806004	803603	826311	804064	826572	806750	805521
18	824876	804774	823304	805072	806326	804420	803943	820860	803911	804425
18	823055	803479	822088	803847	803480	823594	804800	823760	803984	803508
18	826906	807281	825282	807147	805926	821136	803379	825295	801595	802241
18	825413	805957	825544	804807	804669	823255	804491	824030	802757	804249
18	825023	803648	823517	803233	804263	804766	804093	803797	803833	804080
18	826349	805313	827401	805827	805709	824834	804083	821076	803551	803984
18	828533	808340	829522	807140	807936	826514	805582	825564	805014	803947
18	824479	803266	824283	804121	803306	804734	803434	823291	805097	805944
18	826992	804338	822444	802890	804325	825142	805057	827019	804972	803917
18	825098	806160	825270	804387	805335	823319	804216	821579	803572	804802
18	827370	804064	822734	803353	804234	823051	802906	803475	803319	802086
18	826231	804712	826941	806684	805636	824762	803146	820728	804394	802091
18	825787	805895	824147	805512	805374	828139	806548	821916	805515	806330
18	826240	806526	824129	804879	804490	825658	804961	820051	803203	804089
18	826506	804820	823211	804601	804945	802204	802841	823399	804108	802800
18	824669	805769	823339	804448	805344	826344	804741	826230	804390	805269
18	824311	803518	823657	804264	805279	804093	803439	825319	805977	804266
18	824172	803249	820781	803205	804250	806218	805363	806254	805483	806825
18	827060	805458	821280	802788	803183	804825	804219	826155	804389	806231
18	825424	804049	825713	803206	805405	804305	803677	804618	805241	804503
18	824106	804269	821044	804103	804762	806050	806563	822123	804676	802438
18	824578	805191	824237	803298	805628	805796	807028	824811	804534	805410
18	823647	804074	823117	803197	803994	803486	803764	825088	802314	802249
18	825017	803338	824151	802618	804238	825351	804709	824844	805514	805426
18	822748	804602	823719	806671	805168	826189	805230	821113	805981	805857
18	824337	802978	822604	803772	803562	824816	805329	824834	806164	806566
18	827395	804517	823196	803940	804578	827232	805524	825159	806368	807279
18	823653	805552	823549	806400	805089	829810	806094	826528	805495	806497
18	825657	804537	823953	804088	804391	824774	804790	826011	805173	806607
18	824193	805838	823655	806569	805024	824723	803840	823653	802767	804241
18	824647	804283	823094	804299	803640	825025	803801	826488	803475	804636
18	826551	806428	826110	805079	805542	821591	805109	824031	803124	804061
18	826603	806840	825342	807159	808181	830326	807119	826353	806290	806692
18	827648	806888	826607	806463	806104	825975	804287	822845	804677	804289
18	824972	805126	823433	803133	803993	829389	807828	825276	806605	808036
18	823281	802976	819087	801225	801415	829888	804838	822821	806394	805013
18	821593	805007	828075	806227	804881	802257	802270	823159	801474	803470
18	823547	806181	826934	807025	806780	829551	805087	824607	804746	804917
18	823340	803418	822255	804184	803643	825108	805020	823593	804527	805539
18	826119	804359	820533	802835	803527	805761	804174	822845	805102	805233
18	826400	807837	824602	804801	806966	827603	804202	823390	804779	805151
18	826544	802654	825050	803955	804194	807698	806141	825256	806874	806767
18	824018	805389	821500	805736	803760	824552	804994	824806	805384	805096
18	826068	805754	822744	803296	804697	826493	805367	824898	805963	805179
18	827129	805110	827122	805145	806217	802553	802284	801625	801945	802003
18	823835	803477	821677	803724	803007	826404	804500	824598	805614	805449
18	826034	804071	824560	804903	804162	804387	804541	804830	804470	805677
18	826612	805813	827317	803351	807054	825179	804278	822337	805019	806279
18	825499	804576	822363	803167	804206	821575	803485	821308	802679	802887
18	827343	805015	825762	804924	804813	803033	806455	823891	803225	803482
18	826531	806045	824406	805786	804910	825932	806401	804658	804899	804289
18	826563	806538	824847	805202	805565	803334	804642	827301	804542	805246
18	826519	806053	826883	805254	807157	805920	806442	824311	804902	804522
18	822110	802352	822499	803272	802354	807113	805343	821642	805186	806353
18	822488	803267	821928	802285	803065	808453	806738	823886	804746	807076
18	824069	804541	822106	804350	805605	823365	804407	823360	803638	804027
18	823657	804008	823534	804452	803384	802879	806815	827021	805707	807114
18	825398	805509	824734	806152	804650	807036	805789	824151	805095	806805
18	828179	805457	827056	804527	803789	821066	804332	803389	803414	801861
18	823895	804123	819603	802635	803294	805242	803494	824640	804676	804846
18	822262	803770	822860	802883	802688	806934	805221	827727	805472	805588
18	828821	807276	831029	806172	805795	805246	804411	825838	804839	804816
18	823366	804268	823203	804505	804594	822954	802935	823552	802523	805188
18	825807	804098	824073	803452	804168	806240	804303	824494	805710	805724
18	825411	805228	827299	806606	805527	807459	806274	826653	806032	806154
18	828149	807552	828316	806415	805979	824550	804675	823979	805179	805543
18	828113	806037	825083	806448	805183	827853	806526	806488	805667	806414
18	823363	805059	823196	802852	805296	825025	804128	826591	803159	805204
18	826550	805187	825426	806069	805172	806226	803896	804755	805447	804837
18	828310	806990	826907	807406	806523	803788	802260	803854	803257	803789
18	824605	805840	824405	806692	805396	804686	805165	824714	806411	804427
18	824115	804179	824479	805106	803744	824754	805098	823538	804388	804227
18	825817	804566	826988	805336	806318	824476	804362	830865	805519	806366
18	825651	805113	823847	805342	804355	807327	807664	805726	807051	807897
18	826589	804198	825274	804647	805321	827056	803539	824039	802629	802489
18	829577	805060	826796	805086	804418	805975	804812	823062	803996	805265
18	827320	803875	824712	804456	803840	824752	804295	826127	805853	807332
18	827138	804531	824132	804901	802271	831379	805860	825571	807166	807017
18	827169	805410	823621	805725	804550	805072	804760	824347	805806	805093
18	825260	804916	828749	804016	804938	805030	804695	824994	804544	804416
18	826879	807064	823968	804110	805877	824800	804903	803285	805034	805306
18	826502	803738	823780	804136	803867	826260	804342	829798	804905	804794
18	826567	806634	828472	805300	806037	827141	802721	824103	803127	805129
18	828039	805974	826547	805022	806187	828558	805391	827173	805547	806751
18	823065	804630	824597	804423	805959	827135	806528	826878	804816	805137
18	829460	804278	824443	804600	805086	823447	805174	822654	805174	803553
18	827326	803397	824388	803930	805356	823964	803081	824082	803996	804670
18	830319	806334	827699	806185	805284	824178	804507	802906	803292	804085
18	826467	805015	824133	805172	805278	829487	805486	825100	806288	805211
18	826674	804511	825179	803950	805320	806603	803924	824349	804459	804363
18	827539	804717	823688	804741	804035	805859	806617	827293	806441	806779
18	826020	803291	822960	805523	804386	826767	806943	825938	806900	804708
18	829489	806744	828547	806031	805683	826035	805394	806870	804733	805459
21	827873	805410	828585	806192	806516	824287	805726	826969	806256	805654
21	824795	804448	824695	804821	804641	825382	805463	827146	804584	804459
21	826777	805272	824838	804691	805455	824759	804451	822154	801769	803408
21	823808	805035	825311	803936	805067	807485	803515	824220	805451	804744
21	829042	805650	825725	806215	806729	827261	802666	823338	803547	803987
21	825847	803783	823450	803437	803656	828590	805451	824011	805132	805538
21	824227	805981	825235	804695	805034	806338	804859	825431	805272	806304
21	823969	804835	824438	802699	803849	823600	804915	803398	804275	804561
21	827704	805562	826407	804377	805762	827309	806785	826842	806616	806406
21	829013	807455	827975	805693	805722	823176	804946	823845	803618	805192
21	825272	805259	827347	805373	805836	827923	804626	823935	803776	804186
21	825719	805251	823567	804722	804441	828250	802657	825797	803694	802428
21	828439	806726	826102	804946	807823	826386	804589	825597	805866	804425
21	826111	802893	824253	803968	801805	826934	805285	825890	805466	805204
21	826414	805042	824981	805976	805151	827380	804506	824887	805853	805900
21	830216	805856	825990	804267	804748	827190	802851	821367	802933	804746
21	827974	806196	826877	806222	804961	826465	803775	822359	805470	806751
21	829957	806836	827490	805965	806427	826313	804500	805522	805314	805739
21	827632	804235	826335	803781	803190	826578	805660	824783	805904	805210
21	829821	805061	828099	804966	805096	826739	804719	827882	804101	805148
21	826082	806481	826628	804670	806240	824841	804971	825968	805375	804879
21	826575	802973	824025	804251	804330	828150	805556	827534	806342	806224
21	829280	806711	828452	806104	804874	826638	806657	828020	805807	805826
21	826310	805935	826458	805054	804677	827533	804423	825670	802290	802811
21	827266	803176	824730	804504	804457	805133	803257	825926	803626	805828
21	828079	806083	830155	803888	804903	828388	803335	803187	804121	804898
21	827326	806471	828945	805130	805572	827794	804717	805825	803751	804735
21	828015	803805	823380	803497	804925	804415	804919	827601	804804	806466
21	826240	802743	821427	801979	801924	826815	803783	826380	805793	804834
21	828409	807058	827020	807617	806393	804535	802979	826252	804700	803500
21	824900	804288	822980	803256	802251	826038	804836	826087	804675	806685
21	827522	806356	828854	807538	806883	803202	804434	826015	802728	804682
21	823515	806448	824904	805967	805854	804715	801386	825437	804089	803761
21	828801	806553	823453	806231	806035	829016	806998	827915	806562	807109
21	828000	805519	824192	805063	804853	826559	804658	827739	806301	806332
21	826926	804743	828852	806537	804128	826572	804917	825999	804557	806394
21	829216	807307	826021	804349	806991	804260	804964	824881	802933	803584
21	826810	804223	827404	806124	804976	827283	804536	826402	806048	807731
21	825842	805195	827023	803742	805221	806122	804121	825332	804248	805722
21	829696	806150	827161	805613	806163	826483	804853	827505	804260	805436
21	827208	802460	822155	803012	802958	828038	804292	824185	805036	803825
21	827418	806020	824693	804865	805166	825727	805564	827950	803522	805926
21	828863	803775	825288	803103	803679	806886	804323	825688	806091	806741
21	829691	806699	826097	806118	805919	806109	805093	826883	804431	805281
21	830265	805655	826072	804294	805742	828197	805048	825445	805277	804551
21	832498	805056	830083	804301	806323	827428	805953	826892	806163	803551
21	826051	804926	826688	805203	805151	828526	804971	826048	807175	806242
21	828105	805586	828161	804431	804670	828898	805923	826810	804843	805164
21	828697	804882	827970	804787	807145	824185	803904	823730	802390	803860
21	828361	805779	826596	805027	805427	825545	805046	824342	806603	803414
21	827639	806267	827193	805140	805141	827922	804159	826297	803714	804478
21	826249	805839	828544	804550	805664	827069	805413	827047	805418	804803
21	824768	802683	826917	803158	803548	830659	803929	825548	804258	803215
21	828704	805691	827267	804156	807132	825940	804724	825055	804975	806155
21	829523	805221	826478	805035	805428	829222	805531	826606	806376	807122
21	829824	805967	828534	805238	806402	806474	805718	829869	807024	807409
21	828150	804384	825083	805533	805171	827923	805001	826702	803695	804943
21	828479	806384	830164	805040	805415	832529	805323	826033	803645	804228
21	828247	805795	826863	805457	805884	807032	806425	827815	806740	806323
21	828196	804658	827926	805200	804691	826408	805127	828721	805162	804586
21	828131	806605	826107	805442	806351	824714	803842	824031	804102	803955
21	829543	805823	825160	805596	806112	827608	805985	826673	804472	806043
21	826183	803079	825258	803753	805505	825694	803697	824240	803688	805194
21	829650	804809	826479	804853	805824	828755	807797	823169	806988	806340
21	824123	804313	824556	804471	805229	805910	806947	825848	805098	805915
21	827336	804840	824021	806104	804007	803350	803707	803724	803240	803487
21	826294	804665	822052	805085	805518	825111	806313	825285	806313	806048
21	826630	803483	822997	804043	804211	826444	803366	822098	803801	803138
21	825122	803684	824335	804193	804911	825864	803926	821415	803193	802340
21	827509	805747	827422	806128	805699	829063	806330	824443	805476	805590
21	826576	804610	824781	804488	804125	807168	806373	822909	804497	806871
21	822137	802723	826060	804120	803325	826226	805066	824932	804468	804145
21	825828	804401	823006	805179	804385	826856	804972	824087	805984	805824
21	827195	806150	826489	807871	806068	826247	806368	825284	806133	806970
21	824558	802385	823224	803173	803921	823666	803254	824246	805180	804595
21	827185	804618	824427	804668	804504	825401	805324	823236	805200	804909
21	821307	803827	826017	803701	803018	827160	804839	806207	804550	805646
21	825451	805325	828038	804903	803664	823625	803275	821489	805162	806317
21	826635	807361	824831	806130	806293	824192	804209	823117	805382	804850
21	829022	803576	824172	803702	803676	827565	805118	825491	804402	805378
21	825020	807088	827316	808335	807236	828721	806256	824779	805748	805158
21	826131	805040	821974	804746	804261	804267	803438	822649	802897	802814
21	824116	804310	822358	805409	804312	827533	807193	823276	805864	805192
21	827507	804865	826345	805377	805833	826925	805480	822628	804964	805125
21	825983	802790	824620	803775	803320	828932	803528	822497	804944	804764
21	826746	805104	825040	805384	804491	825329	804260	825473	805274	804230
21	827260	804600	825361	805520	805636	827035	805078	825092	805440	805178
21	824419	805276	826121	805457	803830	827280	805100	825930	804602	805211
21	827093	805994	825332	805361	805397	825600	804191	822644	803499	804201
21	827501	805148	823455	805807	804413	825520	804170	824933	803715	805288
21	827647	803988	823406	804110	805086	804997	806071	826489	806084	805883
21	824286	803077	822925	803284	804405	823119	805950	826489	803568	805378
21	821752	803111	824866	803895	803466	826545	804283	826006	804533	804309
21	827065	804573	827248	806022	806526	807417	804396	827202	807408	804978
21	829479	806052	824894	806124	806094	807450	806379	825075	806100	805765
21	826855	805207	824799	806126	805732	822799	803787	820846	802497	803460
21	824368	804749	826896	807271	803807	827961	802344	821935	803609	804873
21	827507	803233	824882	804436	804251	829385	806559	827930	806074	805601
21	811955	807338	810394	806343	805320	808042	802899	807372	804230	804284
21	813338	806432	810899	806885	806580	805997	804184	809989	805286	803413
24	823273	804948	822200	803426	804870	827828	806994	804888	804669	806899
24	828204	804359	822029	803175	805891	825117	803984	820723	805505	804619
24	824326	804688	823033	805810	805432	827415	804734	821173	805941	804836
24	826237	806088	821756	803956	804028	821421	804778	803590	805744	804762
24	822094	803938	824530	805613	803696	824422	806857	823867	805861	805880
24	825781	805585	823932	806026	805215	828014	805981	823400	807475	805390
24	823218	804904	822200	804584	806153	825040	805021	825697	806782	806865
24	826186	803963	823673	804095	804605	803145	804221	803103	803441	803567
24	824570	804284	821710	805406	805529	824967	805037	823700	804056	804189
24	824244	806178	823190	805046	805716	823709	804659	805753	804231	805934
24	826942	805857	820899	804308	806681	825192	805343	804052	804591	804814
24	825629	803889	822064	805523	804720	825650	806432	825972	804554	804443
24	824540	807787	825234	805627	805343	826943	803227	822211	803330	804007
24	826956	805198	823068	805223	805401	827654	806363	822473	806793	806912
24	823889	804749	822842	804168	805083	824923	805815	825147	805566	804976
24	825998	805146	821106	804032	803762	825322	802748	819117	803345	802704
24	828427	804632	824527	805311	804693	806870	804567	824998	805336	804719
24	827096	806845	823271	806349	806189	821689	803250	818096	801816	803778
24	827465	805023	823621	805335	805460	826243	805042	822473	805062	806042
24	827601	806571	824501	806190	807312	827018	805469	824104	806797	806531
24	821559	803603	822073	801870	803692	824577	807140	821884	805610	805227
24	826599	806548	823367	805798	806164	822993	803278	818850	804232	803300
24	825728	805371	821094	804469	805235	823975	805304	822843	804783	805784
24	824500	805294	822855	804842	804300	804825	805476	804097	804168	803864
24	824729	804778	819925	802863	804675	805796	805376	823065	805477	804609
24	827220	803604	820615	804671	803839	824591	802225	819527	802734	802135
24	828668	805985	823341	804912	804561	824172	802453	802409	816601	804007
24	825335	806304	822954	806298	805544	822885	802208	802916	803018	803460
24	820876	801092	817183	801180	799457	825487	805371	822322	805789	804936
24	821080	802362	820019	803427	803663	823807	806639	805743	804756	805440
24	824387	805064	821915	805462	804277	822397	804771	806250	805593	804921
24	824927	805250	822551	805584	806079	824220	804916	821548	804606	805578
24	823399	803544	825605	804327	803764	827146	806211	824015	805988	807050
24	825677	805601	819966	806804	804279	826467	805464	822355	805286	804088
24	826836	805995	825520	805361	805509	830713	805117	823457	805555	805253
24	821882	802887	818803	804040	803029	825346	805296	824858	804682	803217
24	828517	806722	824460	806508	806724	824086	802242	803338	802361	801746
24	828107	804995	824801	803498	803688	827683	804845	822401	803590	805150
24	826133	806669	825980	804665	805344	824557	802859	820881	801869	802475
24	827870	808122	826207	805523	805451	827357	806492	825369	806219	806024
24	826512	804093	824364	803565	804598	826166	806177	827032	804082	805663
24	826914	804930	821921	804298	803791	825752	804212	821210	804484	804948
24	830303	807864	828642	806102	807154	828576	805262	822490	804200	805673
24	827750	803836	825775	803967	805028	826145	807374	827504	806444	807081
24	830808	805450	822090	805536	805442	828238	802939	802706	802719	805114
24	826757	805860	825569	803466	803694	827825	806695	826283	807092	805821
24	824924	804570	823071	802672	805578	826806	805146	823874	805020	805719
24	824141	803411	824618	803969	802182	824791	803398	803900	804368	804001
24	830512	806888	826078	806168	806922	822681	803291	804355	803810	803759
24	830474	806850	825865	806107	806197	827026	805888	805673	804864	804076
24	830713	807013	823715	805025	805888	826899	805217	825915	805038	806787
24	822930	804670	824537	803792	803299	824951	803336	825325	803144	804611
24	829949	806756	827090	805828	805956	825623	803146	802496	801567	802034
24	823490	803381	822038	803619	802578	826172	803193	823485	802706	803660
24	824289	804271	821784	804343	803895	826654	802887	825886	804410	804908
24	828840	807084	828177	804805	806268	822382	802114	824836	801226	800998
24	827508	804942	824910	807506	805464	824147	803495	824343	805418	805936
24	829715	805241	823184	803488	804383	827422	803164	822052	803579	803317
24	828184	805277	825751	805736	805494	827257	805150	804165	803788	805296
24	826278	805108	827033	803741	805628	826964	805647	804403	802710	804498
24	827522	805711	823273	805359	805219	825601	802911	804629	804400	803735
24	824908	805585	826235	805394	807101	823282	804821	822857	803786	804611
24	825354	804943	823431	805617	807645	823717	802734	802295	802237	801892
24	825177	805435	825058	804178	805296	826741	805682	804847	804199	804538
24	828948	804764	824315	804978	804811	827805	805916	806549	805334	804542
24	825190	804828	822685	805479	805180	825721	806123	821272	805126	804212
24	828730	805930	825209	805167	804324	828863	805736	825096	805898	807544
24	825430	805287	824396	804424	804260	824376	803222	822660	802907	803005
24	828412	805166	826563	805444	806961	829272	805478	807970	806110	806709
24	828873	802915	824814	805359	804376	829370	804892	826414	805875	804626
24	828017	805064	820598	805225	803637	829071	804177	826204	803621	802589
24	831242	806614	824105	806076	806044	829387	802941	823425	804787	803913
24	826451	805259	823575	808249	805176	826422	804882	824756	805754	805727
24	826038	803445	820574	803913	803618	825262	803492	822394	803723	805560
24	822992	803150	822582	803483	803335	827725	804480	803972	804371	804440
24	826423	806264	825720	805906	804158	827006	802756	803147	802618	803477
24	827643	805099	823056	803564	803809	805647	806186	803874	804156	802758
24	827283	803822	825138	805035	804731	827405	804617	820625	804156	803437
24	825916	805174	826849	805242	804381	830683	807765	805276	806301	805351
24	828359	805934	824588	804766	804520	826027	809104	826697	805973	806613
24	829424	805029	822314	804012	804559	825351	804188	803741	804975	805144
24	830010	803468	824355	804702	804734	829196	805765	805380	805967	804898
24	825027	802242	825677	803974	802641	825722	804866	804331	803813	805047
24	827404	803491	826037	805771	806311	828301	804750	823684	804953	805057
24	828801	805861	823643	805836	805824	822949	803057	805065	804665	804165
24	828863	806111	825655	805143	806872	824988	802532	802929	803051	802601
24	824484	803321	824123	805392	803367	825079	804413	804535	802534	804342
24	828494	806364	824663	805759	804779	828045	805258	804442	805739	804768
24	828243	806518	827567	806037	805575	825658	804298	826661	804348	803436
24	826363	803856	821069	803609	804435	805428	804322	805802	806888	806825
24	828406	806199	826186	805039	804663	829088	803976	826341	804276	803349
24	829129	804694	825237	805178	804738	826068	801747	822027	802148	801981
24	830820	807717	826427	805322	804648	826969	804051	826417	803394	803737
24	824847	804884	826890	806794	806180	829719	804916	825341	804583	806797
24	829916	805500	826601	806495	806954	827824	805737	823370	803995	804132
24	828318	805118	822963	805753	804560	829111	803850	804827	804497	804278
24	832153	807256	827094	806034	807198	826351	805031	823261	803398	803781
24	827348	805660	824795	807466	805341	804393	804144	824317	803894	802905
24	827259	804902	824937	805712	805076	824658	802504	822167	801921	802127
24	828055	804685	824429	803657	803235	828321	806983	827128	805131	805931
27	827949	805146	822800	806016	805367	828890	803704	804071	802836	802413
27	827709	804578	823143	805127	806034	828623	807102	806221	806751	806463
27	829551	807127	829053	805478	806189	825397	804572	821996	803744	805117
27	828502	805847	823984	805196	805779	829018	803355	823537	803869	802825
27	827310	804835	824517	802934	803482	829581	804180	804176	804007	803437
27	825622	806775	825050	803962	805483	828467	804937	805334	805116	806696
27	828349	805217	822907	804614	804803	805368	805311	824806	806911	805655
27	832747	806814	828952	806285	807722	803391	804024	805482	803614	804431
27	828407	805465	825293	805792	803763	806177	804419	822909	804464	804416
27	826583	804562	824007	804716	804092	804684	806282	805036	805661	804847
27	823924	806217	824179	803740	803951	824916	802792	821603	800822	802017
27	825700	804617	826859	803158	804371	824877	803265	822927	802755	802780
27	826878	806352	829138	805160	805547	827057	804210	804830	804228	805220
27	826938	803654	822319	802549	801752	827047	804624	803967	803128	805362
27	827854	805947	825454	804159	805682	825601	806241	804426	803598	803799
27	828336	804292	826331	804563	805737	827409	804283	804425	804122	804931
27	828475	805162	824735	804781	804892	829687	805774	803866	804761	805322
27	827426	805289	825831	804277	803564	828071	807668	806344	806622	805429
27	829420	804150	828039	804007	803636	827458	805538	804906	804424	804945
27	829161	805209	830181	804837	804233	827863	804593	825929	806125	805508
27	827589	806184	826377	804923	805162	826693	806632	825985	806463	805960
27	824902	803617	825162	802965	804521	828021	805986	805403	804336	805393
27	825016	803279	827405	803754	803902	824036	805732	824606	804382	804179
27	827551	805819	824318	805377	805640	825819	804234	804566	804317	804583
27	826236	805958	826982	804831	806039	824056	802789	822855	803261	802599
27	824731	804531	826363	804635	804582	828721	804804	806094	804416	805971
27	825589	805040	825610	804293	807054	829871	804959	826531	805408	805019
27	828390	806594	828735	806608	807590	829248	804500	804591	803625	805267
27	829309	803624	823792	803741	803533	827276	803269	803734	802913	803927
27	826234	804083	826663	803059	802954	825321	801537	801162	801651	802937
27	828987	806097	829558	806121	806392	826551	805548	804381	804817	804497
27	830719	806288	830252	807671	807496	828316	805142	804866	804800	805468
27	826782	804029	825462	803259	804527	827109	804394	805111	802908	804456
27	828811	806262	824971	804565	805813	828001	806030	804157	805016	804707
27	825166	804135	825524	806080	804523	824609	803330	803138	803951	803719
27	831545	805693	826693	804809	805277	830517	804796	804904	804851	805264
27	831417	807707	827177	807454	806665	826727	804767	802481	803071	802126
27	828978	805285	828672	806103	802989	826722	806491	804157	805433	805147
27	828717	804332	826432	803576	803613	828159	805375	805665	804969	805405
27	829597	804606	826617	803749	803349	829993	805210	804167	803859	803659
27	826428	804424	827393	805000	805547	803702	803696	825354	805021	803995
27	831766	807167	829992	804587	806897	827028	804970	804471	804848	805269
27	826951	805041	825070	805531	803233	829582	804656	825120	804641	804959
27	826866	802573	826781	804341	802027	826195	807334	805048	806019	805929
27	826114	804328	826061	804264	804062	826223	804037	804656	802619	803935
27	827038	805322	827725	804904	805352	827787	803677	804016	801946	802914
27	829398	806199	827148	804608	804721	828287	803332	821676	802876	803842
27	828567	807445	828141	806672	806364	827837	805578	826238	805822	804119
27	826411	804857	829793	804401	804207	827971	801327	826030	803087	802234
27	825814	804001	826150	802816	803516	828741	803297	802409	802606	803238
27	829483	805841	826802	803718	804459	828804	804694	803946	804120	804907
27	822219	803326	825019	803627	803609	827949	806948	806160	805546	805546
27	829592	805563	827909	805453	804415	826654	804778	803401	803431	803679
27	827023	805645	829923	807919	806869	826949	804522	829054	805171	805459
27	827714	804247	827769	804077	805473	829181	803846	804249	804485	803875
27	824931	806034	829227	804382	805926	827444	806328	805401	806182	806841
27	826998	805198	826006	802788	805830	805176	803853	803636	803914	803562
27	828639	805386	829151	805245	805854	828018	804856	805758	806349	806213
27	829619	806257	828972	805112	805625	804695	804914	803864	803441	804788
27	827608	806264	826109	806402	804971	828506	803419	804661	804732	804143
27	828214	804026	825498	803169	804948	824098	805342	804076	804459	802507
27	824065	806530	826316	806214	806796	825934	806131	827137	804876	804117
27	827339	806400	825244	805361	805021	826746	804291	803283	803273	803221
27	827118	805829	826147	803708	805062	825145	803051	802845	803878	802332
27	828243	804963	827760	804948	806038	826643	805006	804360	804155	803312
27	824362	804907	823879	804456	804295	826248	802857	824211	804884	802747
27	827078	804471	827739	805923	806077	824144	805010	824422	803517	803590
27	827629	802808	826521	804853	804819	823128	803678	804356	804487	803674
27	823648	804220	825817	803251	804801	827750	805150	805155	805676	805168
27	824868	805735	827732	804532	804324	807091	804137	827184	805955	804365
27	828304	805074	824573	806125	805733	829132	804100	803014	802308	802814
27	822655	803991	826344	803531	803391	825531	803136	803733	802992	803775
27	827682	806373	823120	806639	806787	826796	806401	829081	806840	806007
27	821435	804317	826523	803583	802584	826368	804348	804383	804267	804610
27	827039	807053	823056	805631	803777	825721	802235	827017	803731	803975
27	823376	805991	824203	804576	803165	806258	804233	804810	804772	804538
27	825978	806251	828412	804399	804090	823643	806757	825092	804115	806171
27	823737	804249	826458	805085	804463	824716	804939	804444	803375	805327
27	825138	803919	825231	805189	805995	805554	804594	804598	804960	805255
27	824677	804848	826769	805769	804974	824280	801296	824504	801745	803797
27	823787	805444	828375	805308	805066	823869	804061	827663	804143	803407
27	823380	804741	826146	803447	804101	822747	803287	804280	802728	803398
27	827532	804410	826067	803511	804765	825356	804586	825981	803663	804216
27	829476	805254	822483	804629	802957	805571	805982	805879	804794	806498
27	827054	806840	831111	806473	808323	804010	805276	803855	802916	802221
27	826256	804941	826916	805605	804132	828257	805876	824341	805069	804491
27	827100	805719	827753	807206	806526	823118	804653	803922	803403	803544
27	826393	806298	826209	806109	804901	824074	806423	805250	804811	805663
27	826803	806466	825479	805500	805754	825497	804634	823178	803948	805313
27	825440	805641	827160	805013	804494	824316	803457	803368	803890	803600
27	826297	805408	823752	804188	805040	826585	804357	803741	804360	804888
27	824687	806040	823864	804794	804062	822806	803978	803038	803786	803993
27	827624	806848	829038	806825	806415	827170	805154	825217	804388	805011
27	827644	805683	827788	805545	805139	824021	805189	826103	802794	804688
27	828076	806250	825760	804994	804708	826740	804285	804666	804739	805671
27	824957	805992	826476	803680	804838	825464	805415	827507	805661	804793
27	827770	806121	826687	807083	807668	825253	805363	803104	804053	805085
27	823857	804000	826263	803576	804369	824364	804777	825511	803385	803687
27	827977	805338	828508	806456	805753	824336	800936	801672	800988	801974
27	825890	805286	826579	804359	803834	824380	804544	804356	803151	805653
30	829071	805499	825684	805953	807674	827509	804480	825860	806272	806122
30	821731	802790	825769	803594	802827	804629	805903	804989	803652	803603
30	823499	803676	822075	802401	802559	827336	805570	825553	804046	804733
30	826260	807004	825338	806047	805335	806313	805663	806343	805587	804260
30	826932	805939	827430	806476	806165	822057	805807	822566	806589	805652
30	824659	806196	827863	807179	806451	803224	803443	803379	803523	803114
30	827683	806647	829947	806769	806984	802696	803815	802109	805001	804675
30	810896	804600	810935	806116	805775	810208	805303	805738	804558	805486
30	819201	802513	817419	804716	803590	817663	803423	802785	802354	803219
30	816557	805425	818855	805157	806001	815215	803947	803974	804711	803024
30	816190	805137	818502	805890	804671	814622	806395	816420	803332	805499
30	813532	803341	813140	802300	803564	814673	804948	804214	802915	803831
30	818625	804623	817110	805406	804682	815513	804544	805491	804596	805137
30	815105	806139	815975	804920	806183	804444	804087	803779	802805	803795
30	819288	804436	818391	804182	803397	816871	803726	803908	803627	805185
30	822016	808622	825069	807741	808599	803797	803843	802277	802698	803982
30	816688	803978	821633	803168	804720	821093	803748	804160	806160	805203
30	821417	804030	825270	803547	805160	821105	803081	803466	802287	805322
30	823311	805406	821210	804056	804783	817965	802855	802702	802824	803242
30	819873	803411	819218	802289	804119	820083	805355	822987	806151	805131
30	823405	805147	820821	803900	806204	821595	804623	805077	804817	804855
30	822675	806039	824971	803694	804324	818679	804189	820819	804491	804558
30	820207	805704	822033	803927	806058	817265	802935	801382	803069	803477
30	817356	803666	820934	803114	802463	803233	803507	802208	804750	801779
30	822382	804244	823556	805847	804953	803760	805534	804296	803514	804061
30	820711	805785	825895	804655	806112	823838	804368	803912	803553	803791
30	827628	806751	828261	807171	805699	823711	802424	803119	803604	803707
30	826651	807196	830142	806154	806472	825336	805729	830071	803797	804766
30	821671	804160	830622	803457	804510	826712	805511	803714	803901	804251
30	823224	803202	827653	803834	803921	804258	804193	802925	803928	802444
30	821913	804901	825965	807368	806670	803046	803244	802944	804491	803212
30	823897	807234	825862	806386	806130	807181	805274	824544	806914	806654
30	823747	807581	825867	805693	806481	824687	806175	825763	806050	805351
30	824310	807181	827599	805931	807613	822385	804610	803452	803764	803229
30	825415	805525	824546	803492	805719	823894	805441	805149	803782	805053
30	821781	806259	827428	806919	805696	820571	803283	804352	803162	804758
30	826142	806744	827734	804824	805020	823077	804761	826447	803002	803427
30	822749	806593	824024	804600	804123	823487	804933	804595	803880	803532
30	826729	806507	826455	805396	806393	803980	804493	803549	803302	804192
30	824566	804568	824867	803729	804491	821095	804309	826860	804749	804066
30	824242	802941	826848	803249	803854	825108	804618	824392	804516	803495
30	826460	805438	826846	804609	805081	825407	805143	823234	805121	804276
30	820404	803356	821628	802844	801038	805076	804834	828243	805441	804358
30	820702	804547	823755	803926	804306	824390	806631	805480	806472	806499
30	823918	804991	826652	804325	803555	824637	805914	833175	805611	807391
30	827088	805862	824802	804733	804956	828043	804949	805068	805223	804737
30	825466	805787	825964	804363	804932	824215	804852	803126	803248	803438
30	823757	804908	827331	805050	805846	823362	806973	805423	804123	804829
30	822414	805918	829039	805690	805197	804062	803885	825390	804383	804128
30	821528	805027	826252	803701	804972	820610	803262	823349	802377	804051
30	827247	804864	824154	804754	805514	821271	803279	801004	801538	802981
30	822777	801919	823240	802756	804468	803246	804050	803325	804848	804291
30	828213	807755	827370	806630	807214	805212	805004	825902	804349	806212
30	824769	804548	828020	805812	806892	824618	804613	804730	805786	805727
30	826682	805087	826166	805130	803464	825452	805196	804954	805850	804834
30	828269	805176	829707	805491	806513	825743	804781	804486	805497	804919
30	826907	804968	829617	803051	803706	828016	805522	804719	806674	805435
30	822644	803997	827795	801883	802342	827413	805158	803494	802386	803835
30	827588	805755	830433	805228	805430	828093	805464	805023	804988	805398
30	832524	806318	830460	804503	804749	830056	805569	806017	805665	806596
30	826491	807086	829710	805990	805014	804617	803678	828661	804232	804590
30	826564	805923	827087	804110	803482	821688	799170	800322	801116	800052
30	824016	803248	827248	804226	803172	825862	804122	803515	803550	803893
30	827020	806486	827031	804356	806096	825972	804740	805137	804896	807213
30	829492	804328	828821	804629	804818	824758	803764	802208	802920	802444
30	828696	806220	832196	806330	806787	828935	804500	803138	803979	803802
30	822326	802065	823017	801511	801756	824918	806326	806317	804946	805523
30	824512	806484	828538	806093	806543	803547	804248	802370	802806	803856
30	827092	806162	829861	806522	805535	804574	804466	825301	804619	803344
30	827667	805259	825674	804303	804237	825398	804974	804960	804595	804902
30	824308	805090	826475	804076	803816	822453	804844	804950	805369	803559
30	824794	804321	824808	804795	803900	823838	803966	803402	802739	804299
30	826264	806045	826596	806484	805796	824428	805363	822946	803906	802431
30	823678	803885	824149	803924	804614	805593	804588	804431	804788	804798
