811456	824744	832530	834635	804667	826016	820676	819401	800612
820214	830095	837027	807443	836660	829698	823548	822301	806890
823599	840638	844623	840309	809961	835892	827470	824168	808029
821307	837056	841486	840379	809404	833241	824872	821535	806985
821981	840574	840255	812362	841472	834685	830126	824697	809246
819067	831271	838392	810186	836476	829320	825778	825032	803004
820375	831499	832476	807378	834870	827389	825645	818854	808095
817929	836651	838116	838586	836884	829100	808532	821337	809107
822747	834827	835992	840548	842203	831760	809379	824734	808799
821002	834850	834856	837618	809347	830679	824697	822379	808779
824655	836584	845608	845552	844381	830910	812310	828369	813087
818742	832070	838172	839017	835401	829248	823503	809807	804878
820287	834796	841183	813676	840773	830763	827891	823765	810895
818652	838029	837858	812972	836659	830164	826237	824419	811503
818091	831219	810357	841592	840513	829900	824328	822534	808328
823709	834375	843075	814230	836652	827938	826854	824497	809304
824669	836504	838368	815101	841740	834186	830895	824748	812126
823464	834923	837518	810387	838636	827938	823201	822633	807231
824045	841336	843795	842057	840346	835037	829624	816327	813578
818262	835703	836647	837130	839707	827624	826610	810504	804285
818998	811957	834123	840532	838843	832284	823806	824716	807433
824367	831835	841596	812839	839128	831391	826436	823014	809321
821311	837236	837482	809737	840533	831501	825303	823082	806268
821286	836664	842834	840864	840418	835008	825579	811469	808502
824942	838251	842275	842710	848612	835343	830629	814640	809772
820167	835691	835786	837763	839718	829882	826902	811656	810454
824006	834478	842434	837360	842345	833078	822870	812314	810751
816857	831612	835500	837824	836644	828876	804689	821530	803282
821745	831558	835880	812643	835821	825482	823752	818983	809790
820277	834110	836053	808934	834691	836619	824195	825516	808054
819579	832625	837657	840262	840794	808228	828081	821427	804376
823225	836573	841455	842178	837911	831984	810821	825205	809689
822587	833388	811101	842275	838972	834342	823554	821991	808962
821329	836216	810919	839218	837241	834483	829089	823992	810319
821260	832616	808247	843886	839406	831237	826965	822834	809950
818836	837239	808545	837854	839737	833591	826823	824291	806985
820735	834625	810432	847146	838064	829777	829134	824253	807060
823082	813800	841612	842168	842424	831689	825278	823318	808607
821090	813617	842449	843387	839232	829805	825429	825333	809781
819617	835783	840415	840745	807196	832342	827378	824022	807133
819472	835629	836673	841289	808166	830412	827294	826816	807588
819313	835941	843130	841570	811103	834064	829303	826690	811857
823892	837276	837565	839589	810890	832629	830014	825511	808979
821372	840141	839194	842136	813785	831506	828479	830189	810121
817811	831806	837703	809965	837400	828993	825310	822449	802561
824988	835646	842145	812782	839325	830711	826739	824538	807421
819626	810200	841092	839153	844340	834114	826666	820722	808892
814350	827457	830609	808543	831821	825454	820101	817113	804277
822617	836662	835718	837126	810536	827811	823215	821976	810612
816083	826867	830041	832716	830248	806920	822443	816937	804238
817349	830805	834850	833394	811109	828234	825653	822446	807710
813282	822275	828569	830741	830550	804695	820991	816812	802578
817385	822891	824196	830865	827208	804394	819209	818077	802651
815544	826383	827366	809097	830174	821616	819657	819612	803343
819208	827286	831903	834154	810892	826934	824410	821975	809320
818978	828613	831690	832013	810009	825928	819616	819525	809533
821570	830310	831526	835366	833468	826162	811272	824087	811605
818699	831693	834141	829447	810642	826533	822709	820312	806715
807849	832800	832691	838715	836665	829430	820675	818656	805128
820145	829040	836616	836853	808938	830664	822381	822395	807528
819656	832439	827230	830926	808092	826853	820887	819724	805725
820663	832785	838199	837835	809650	830382	825424	824131	811909
822633	836245	839428	842902	815879	834234	828773	829290	812479
822566	837230	834091	837957	837499	808712	828418	820454	811517
813511	835509	839904	840284	840105	834517	826525	826485	810423
817168	819516	820367	822949	825936	811494	816697	815726	809392
825138	833908	814122	836582	836823	828122	824626	824924	811537
821624	835029	812026	843358	837818	830883	827846	827092	811178
822816	834302	838654	837868	841862	830017	810781	825620	812357
818005	827017	838388	835934	835131	807427	825213	820771	809556
820346	836029	834986	839649	835350	827611	819777	811829	810486
819113	831832	835981	836924	833741	826890	807061	823439	807988
823333	837494	839302	814945	838410	829152	826303	824194	810584
818735	829778	832796	808512	835112	826654	824915	821221	809953
825664	836912	839349	840626	813310	830747	826989	822385	812269
818796	832004	838117	836923	809627	829240	825808	820896	808432
819348	833630	812710	836588	837801	828183	825615	821100	809622
805007	827328	829391	834291	828829	823808	821756	819955	803457
810891	830003	838830	838638	836469	825139	822619	821069	811316
823454	833344	832698	839821	841032	828206	821239	811951	808270
819956	832388	833540	837974	832500	826110	823641	809596	807751
821945	832264	836913	840844	839403	830175	829553	812276	812479
823964	837996	836185	841516	839757	833854	828180	813691	811561
821019	832282	812137	838873	837878	829559	829371	825570	811478
820954	811393	835739	839102	836688	828733	823838	823274	811213
825880	834918	813441	837936	835939	828980	823410	823014	810209
810262	835086	833943	840494	834659	830176	824760	823260	813490
821459	832974	836785	838626	809915	830345	826647	823309	812089
821446	830745	837220	836875	811869	831473	824798	823099	810547
822065	832825	841802	842180	815165	833544	828943	822966	812286
818530	833791	812297	837541	839445	830523	826404	823421	810383
820551	830740	838397	836402	836154	824193	807749	819174	809206
821766	833775	833722	840716	840003	830341	809273	823502	812773
822691	834377	837225	836877	835570	828655	824815	810991	808706
822255	835508	838545	836060	841066	832863	824876	814058	811671
821453	836085	837672	836410	836462	832612	824623	814362	810465
819811	831931	837367	844445	839905	829462	825569	811436	807978
823798	838078	836875	841103	840517	833149	829463	813492	812083
822538	838951	835739	844026	837696	812374	828955	827664	810538
819829	829542	833377	812412	833693	825687	823098	821800	806533
