821809	843247	850612	850437	849900	839169	832759	805730	804010
826028	846490	850615	854852	852150	846164	839027	812110	808828
829390	847455	855208	850076	851195	844251	836439	811434	810618
829297	848785	857042	857296	849088	807777	836063	828812	805724
827320	849627	855242	856100	857148	808499	841456	834440	808419
830254	850996	856131	859420	858738	844155	808529	835181	809680
827300	845851	855581	860428	812674	850544	838373	832824	810714
809023	811659	811550	810161	811315	808869	806544	812996	807648
809668	813858	810585	813918	813089	809511	810614	811961	811016
810525	810684	811441	812181	810167	808706	811820	812218	808379
813407	814760	812107	813421	811048	809654	808686	811671	810216
826899	841692	846983	850504	809837	836413	833961	826984	808616
827155	843858	848107	849531	814149	841891	835319	826191	811227
825957	848799	855005	857978	813188	841755	837937	832190	811179
830725	849117	853227	852219	810452	840973	836130	833173	809573
827040	840380	850229	851694	813338	841962	838488	831163	812057
832495	846355	858241	854675	815720	846102	841007	831020	808218
828311	849879	851453	855201	812379	842883	835483	832654	811900
832404	851622	861063	859437	814070	847281	843878	833369	811572
830585	848790	855937	855285	813082	846414	835712	832417	808917
827559	847928	855378	851715	809186	844472	838321	832736	811175
829687	846626	860696	810234	854259	842203	835478	832895	808764
832706	849639	855462	810842	857364	845182	837305	832206	809477
829371	848370	811457	858714	855304	845197	836999	832774	810455
829768	848318	810997	860894	854839	845134	842159	831611	810892
826742	850943	810346	861502	855226	849539	842492	833625	805941
810929	854373	860191	863619	861232	844461	839156	833466	807170
829893	850603	859245	854368	855308	844346	809822	836251	814322
828010	851229	858902	851492	851438	848357	835318	809505	807003
833724	853897	861072	857081	857622	846540	838820	811286	810849
830390	853413	813309	861233	856585	847258	839303	833117	811657
828767	851705	810205	858702	858852	847582	839417	833800	811033
833541	853546	864109	857190	853857	808839	844913	836498	811900
835300	855492	863346	865563	857898	850413	842400	815264	813969
836063	855635	858581	861289	864352	845667	838108	813422	813234
812576	848734	852728	856959	853853	843629	835665	833600	811547
810891	853460	855057	854195	857413	844826	840430	831333	810189
807525	847257	858092	856534	856453	842921	836090	830446	810771
810449	851815	853894	855297	855123	848121	839433	834674	810396
809524	847931	853978	858744	854739	841650	838213	831627	808106
808894	847382	852210	857399	855485	841969	835937	831443	808853
827393	811987	850254	855635	856819	844778	836403	832817	807107
829360	849877	852849	854922	849987	842547	809139	834351	808686
829470	849785	855204	852385	858494	842180	813166	831723	809930
829012	847701	850553	843015	850789	840074	808356	829846	809327
823821	844908	852369	852412	850222	843223	835712	810803	809958
826868	846152	849422	848991	851095	843191	834013	809012	808773
826052	848059	848141	845183	851066	837817	831900	809029	806782
827524	843223	848693	809807	847943	838999	833891	827365	805614
828677	849565	855068	810865	846913	841349	836142	828292	809432
827689	848270	854329	813444	855047	846986	837528	830793	811958
827074	846542	848143	811382	846794	840546	834765	829116	809213
827585	844614	806827	853992	850932	842765	835450	827412	807328
831505	852057	853772	847868	849124	809537	839753	828620	810749
827626	847667	857073	809930	851729	846175	832803	828435	807569
825325	844308	849603	803906	847933	837566	832165	824888	801918
829454	849609	856909	811236	855642	840943	837060	829185	806749
825882	846346	848456	807804	844986	839242	831173	826220	806805
825899	846015	852712	810878	849439	838617	834871	827976	808107
832224	853608	860664	814383	860828	844944	840820	834307	811477
828800	850261	854423	810051	861402	849651	839137	833451	808078
831686	855365	858492	813042	858836	848392	843154	834626	810589
829962	847743	855459	841850	808744	838871	832910	823141	802248
832034	849668	848981	842551	809258	848598	834447	832526	806877
833443	850656	854165	847923	811407	844184	840091	828375	809128
828383	848411	854603	842905	811967	845402	837682	827068	808006
829428	851102	853756	841510	809039	843859	837873	830823	805990
830496	848099	852508	839696	804567	846272	836570	828982	804242
832855	854878	854777	811049	851173	844381	838323	834539	809005
825035	848741	850087	810369	855189	841039	837421	829962	808341
827163	846071	846176	812210	845845	839524	834403	828579	806195
823934	843000	846510	811047	851400	840452	838075	827789	808683
827188	850360	856554	842252	850569	841313	808085	831439	805891
829881	849298	860259	840610	855243	841764	809547	832795	811176
830851	845853	853743	841376	846740	839055	810527	833111	809922
810699	849214	858328	845989	853192	844366	836404	828044	809214
811315	849358	857445	850853	855235	843516	836491	830310	809150
809504	849160	854552	845702	851076	843854	839548	829548	808390
812747	849687	854521	848655	851255	843547	835104	830675	809906
819384	840440	847533	836030	807385	837830	830324	829067	804227
826537	845910	847601	842221	811563	842896	831076	827778	807651
828442	851936	854925	841725	848503	811605	838228	837077	813581
821473	830386	832174	833896	838597	828121	811150	824566	808546
823121	840609	843082	838289	842576	829465	812572	827439	811124
816492	829591	831307	827890	836009	823882	802637	817002	800051
822507	835358	837186	836685	837619	827658	805870	822387	805851
822650	831896	841541	839693	842697	834619	806431	823275	805680
822541	836678	840595	837107	840587	831063	807068	825274	807958
818471	837905	840869	835188	807648	829886	827755	823029	806962
821942	836651	840270	836592	808398	833115	829178	824606	804587
820572	832891	836282	834847	806881	833518	826350	826791	806618
831138	850628	811493	857793	858645	846986	839413	832900	810458
825055	846346	811288	856341	856152	844809	840435	831410	811318
815363	823827	826169	829206	827728	823696	822112	808091	805873
822576	838311	846566	839801	852342	839284	808032	830481	808365
820248	843207	841095	845568	848781	836312	807811	829571	806353
822241	842047	846604	838265	846834	834253	805887	822476	803865
822150	843957	848651	848026	852333	838729	810428	828201	807945
822853	837973	846710	846355	849421	837824	829673	806219	804308
825998	842637	848660	850525	851948	847530	835025	808354	808349
