811780	819076	822448	819740	806795	817507	813843	812844	802858
813799	824353	826888	810044	824071	822519	819184	817269	811425
816925	810208	826133	825113	828232	821234	818210	818427	808483
817081	829483	828837	827064	828693	823824	821128	812445	809416
816422	826396	826246	810391	826250	819941	821478	818426	807085
817548	824817	810599	831353	831943	824997	822034	819670	807409
819808	829821	833139	834620	831885	826427	822183	811997	809524
818971	825968	809250	829835	833823	824171	822170	818849	811988
816137	828961	831915	828311	831384	809911	822901	819395	809430
811761	809817	816047	816120	818081	813008	811932	812173	810440
817116	826158	826071	825097	826790	820432	807322	816561	807720
814317	834947	833491	833018	834890	827406	823953	823326	810916
815903	829471	831138	831620	827504	807061	817697	818767	807528
816380	808970	830049	828162	828465	821106	819097	816888	805245
816026	830114	831360	835197	831801	819440	821556	824695	810210
817612	823678	826064	828390	828141	807266	822652	816487	805068
813201	811490	808030	810827	811687	810471	810039	809743	809365
814697	814844	813234	813734	811862	810565	810643	815479	813261
811985	821104	822817	823320	822386	817660	816572	815851	809375
816818	830916	809170	832199	830259	822539	820807	819080	806621
815579	827586	831234	833495	827975	807053	822746	818014	807682
825419	827893	833553	814753	836702	834160	826341	825556	813111
817922	811020	831486	832664	831786	828046	819915	822311	806958
817640	830580	833637	831103	833190	826895	811623	823229	808211
814674	824756	827606	829705	830148	822558	806235	817158	803649
819194	828776	831178	831828	833558	808547	822725	820690	809215
816997	828630	829341	831207	833481	809058	818981	820369	811592
820502	830508	831543	831165	835893	809126	824992	822312	809093
819111	830325	811389	831670	834765	824240	821249	821635	810037
819720	814518	831217	832051	835244	824803	824248	821575	810840
811648	830822	829569	832497	832708	826109	824320	821691	806609
817148	825607	833104	834734	812861	824396	821393	818719	809569
819299	828098	832813	833149	835440	828438	824129	809609	809465
816685	824729	831225	829984	830727	825902	826289	811512	808789
820167	830306	840711	836766	837587	830277	825772	811584	809269
810966	813808	812795	810586	813503	810381	811172	814175	808168
815482	809715	837088	834988	835978	828174	823592	819482	807183
810942	831077	833123	833546	840287	829426	823532	825003	810414
809267	808778	807720	810119	809461	807928	808734	808905	806428
814979	815547	813894	818091	813993	811338	812695	812423	812048
817933	813148	825172	825001	825630	817861	817622	817308	810635
819416	828735	833062	837429	808633	824241	819943	820931	808240
820674	830432	835885	836403	835555	832711	825355	813385	811685
819569	831437	831455	838085	835798	827895	812683	822992	809112
819685	829752	833925	834451	831445	824745	808561	821048	809812
817109	828376	811645	834125	832594	829266	823350	820399	808996
814199	830178	833326	836294	834482	825090	823822	822813	808797
817425	812678	832629	834120	835841	827593	824409	823983	808874
810974	831262	832421	837062	831926	825820	825442	822242	810399
813795	831051	834191	835162	835856	828416	824374	823579	812517
818680	831168	809775	836102	831741	828541	825782	820924	812911
812519	831465	833836	834344	832670	826669	821333	820130	809427
812146	830731	831651	837675	831244	829202	828465	821862	811387
819887	811993	830809	837878	835925	829687	823856	823194	807576
818011	812566	836288	837748	838315	830759	825185	824728	812033
822948	831804	831656	834289	833842	824269	809991	823400	808953
811485	829855	827070	831846	829597	823759	822007	820342	811766
820774	830415	835362	838258	836685	827251	824640	815953	809871
823601	833969	834177	838651	838837	831413	829460	812349	811733
823579	829416	834121	832075	840087	827048	820933	812619	810329
820319	834072	833276	837786	834567	808015	826383	821613	810196
818330	829613	830814	831755	827798	808549	821199	821065	806780
819128	826785	833902	836234	834781	809918	824606	822494	809341
820364	831978	835985	837937	812757	829010	827723	824236	810899
820841	832714	810867	838466	832358	828751	825831	825468	810385
823078	828340	831565	833963	834263	829449	810815	823276	809742
806257	828053	829815	833398	831027	826583	822478	819657	809116
809796	826369	831475	830183	830132	822251	819350	815715	807610
817145	814451	834129	834954	832276	827333	821957	825320	810348
817740	829074	813410	836127	833874	827465	824633	821822	811176
819147	832696	836046	837919	811965	828197	825341	824278	809797
817613	830829	832428	834555	835699	827267	806996	819210	809392
820132	829276	834568	812426	834585	828106	824542	822223	813211
819321	831207	830772	811046	833037	827533	822873	820240	809013
819539	832369	834687	837608	813587	827500	823868	822224	810297
820020	831803	832545	837476	835629	826370	823217	811872	810033
818376	832160	812469	838333	835762	826584	823445	822321	812686
818311	829267	834585	811314	834402	829321	826397	820545	807442
819471	831314	833355	810715	836261	828070	826337	818724	809771
810597	833746	832309	835834	837069	826867	821456	824863	809518
817512	827924	832359	834700	832677	827901	811279	823265	812102
823602	829809	831413	836141	814025	827816	826043	824235	811479
822153	833007	832402	835494	832615	811898	820828	825884	810565
820929	830059	834609	813410	830205	826185	820577	824707	811552
820571	829938	833685	835320	834243	811610	822634	823793	810261
812035	830920	833831	832907	833653	826909	823175	821488	809289
821528	830051	832611	834709	811473	825086	822971	821633	811242
820011	813160	834010	837797	833941	825153	823433	819157	813123
815790	815067	816240	816446	816081	813119	814981	815252	810822
815385	814105	828890	834145	833734	822410	822868	821419	809801
820537	830268	831162	834850	832373	808677	826150	822774	812152
822181	831115	834002	832547	836737	808872	823153	822471	810994
820241	811471	835530	835070	833557	823960	822422	819665	810838
818969	826369	814026	834900	830211	827566	820946	821541	810495
809549	828141	837603	833592	830665	827563	824163	822395	806348
818614	832232	831506	835289	813737	826399	823101	822652	812361
824119	834473	837756	840416	816323	829028	826742	826986	814589
820419	814070	833242	834663	833789	826707	821589	819249	811713
821500	832924	829559	833393	812338	825435	824936	823151	811641
821054	828433	813960	838042	835021	828229	827526	823213	810732
