809612	803819	822424	825926	823394	816795	814948	810911	798863
816411	821326	825929	823895	809006	821370	817684	820187	809719
820783	832060	832813	832687	811453	824797	821157	821043	809020
816746	828284	829904	829780	807456	825250	818813	817530	806409
819787	831005	828788	831008	811018	824211	821880	819572	807158
809007	831499	833769	833224	830007	825900	822842	822985	808730
808718	828090	831424	834999	833737	826348	818564	819852	806403
807409	827607	831952	832763	831812	830559	820055	818810	808809
811033	827808	836424	833493	833147	828919	824043	821076	807032
819161	831188	834892	833947	810294	826059	824292	821226	807560
817232	828212	831184	832086	806464	821007	818745	817794	802721
820469	830924	832449	832803	811348	823426	822673	820961	808553
822108	835904	833402	836925	813910	827861	826473	822919	811513
819773	831603	831490	833737	810866	826529	824251	820010	809777
820923	832058	836773	835224	836296	811109	825631	824599	812295
820620	831946	832806	832452	835852	808539	823976	823769	810504
819045	832879	834062	831583	832263	827436	821776	812633	807898
817987	829075	806966	831201	834089	822354	819539	818487	807224
822000	830935	811139	838482	835422	829647	823719	822110	809604
822330	831751	833575	831286	812395	826169	826143	820846	808917
819461	828779	830976	836076	810712	825114	818627	822224	807303
819594	832962	834258	835332	810232	828041	822263	821690	809484
816768	828628	830071	810773	830774	823100	821245	823122	808074
816496	829827	829728	829534	829432	819985	804302	815791	803079
809052	827168	829661	832274	827261	822175	818147	814807	806807
819126	833319	834485	811203	833845	826315	823721	823349	807952
818754	828773	833798	831732	808310	830002	822195	822103	809187
813835	826342	826951	829565	829350	805712	819427	815994	805414
819027	831449	832868	812112	829404	823989	822159	819604	807482
815316	829644	829857	827057	832016	823191	820578	807510	805890
821229	832572	834509	834529	834654	827336	825644	815819	811730
818152	824253	829761	831503	833303	823831	819422	808429	807857
816449	826821	834367	827711	829206	822175	818815	808138	806598
816685	831454	826665	829059	830234	823225	819167	808065	805695
814679	824992	827117	830087	831366	807482	819259	817355	806136
812575	824167	828737	827185	828612	806517	819284	815984	806415
819873	814104	830439	831766	835179	823221	823866	820614	810476
816040	827160	830373	831527	808573	824469	822836	817487	807215
807832	828716	830190	828362	830901	823406	820513	818120	807059
819349	831966	833493	833189	833104	827460	822407	812365	809761
817046	826405	829911	809676	828745	821031	816865	819583	804061
819958	830425	834484	832638	813362	826309	822449	821149	808619
818515	827683	830572	827725	809783	823970	820331	815790	809202
817773	828485	809563	832542	834142	822231	822174	819758	808999
819793	830654	832428	830677	810923	824079	820281	822003	810134
809377	829766	833521	829762	831628	822907	822844	820464	807251
812697	830306	834756	832186	832410	826531	821782	822774	808473
819467	828101	828525	807584	825176	820742	817240	817791	806942
806692	821703	825569	827551	825364	820739	816865	815389	801426
809864	824835	835853	831908	829839	825222	821413	820490	808837
811077	828822	829807	832961	831851	825011	825398	821837	809159
808775	824626	828364	828449	828952	820847	819160	817395	805088
815205	828694	828722	808787	827946	821574	817140	818314	805269
817571	827219	832359	809863	831435	826576	820872	821469	805740
814695	827924	828714	810735	832556	822195	823809	819590	808198
815803	829741	831000	828137	809728	820299	820443	819165	808345
821388	830297	830295	831750	811726	823746	822582	822486	805650
818390	811917	829024	829924	833895	827095	824016	821816	809104
821378	828639	831969	831839	832723	812212	822309	822917	811054
815838	830142	829397	832097	829428	806872	820885	821398	808069
811455	815893	814630	813026	814484	810680	809716	810368	810071
820735	831982	832486	832300	830732	825918	824966	811249	810644
809686	811506	809059	808904	809442	807353	807240	809445	805850
813485	815623	811976	814283	812622	812619	811548	813448	810422
812466	817795	817568	816795	819038	808287	814926	814616	810369
820452	832687	834196	834545	841148	827986	809014	820548	810461
817822	826918	829029	833115	830132	823532	807274	818378	806841
818327	830334	832617	832594	808418	821563	819954	820361	806623
817197	830842	828111	829921	807398	823879	818538	816941	805114
817860	811578	835222	839481	833627	829451	826796	819546	810389
816307	825118	829320	828801	825912	806306	817458	814981	804362
820920	830626	833423	832294	832146	810680	822310	822596	811024
816323	830134	808840	830897	829347	824234	822861	819221	809679
818437	834632	813094	831788	835344	829065	825468	825213	812230
817121	827872	827681	827127	826886	804144	819362	817414	805434
812555	833175	836479	833094	834087	828016	826708	821521	809958
807998	824546	827789	831284	830468	821163	819561	814202	805890
817439	829018	834294	831105	830294	825169	807748	820090	806476
817114	828136	829456	832948	831850	821454	808700	818626	805727
818360	833602	833550	837583	832377	824895	809370	820478	808308
817438	832684	835282	831877	829844	824539	810336	819872	811158
818314	830622	830463	833179	808809	825267	823564	818665	808613
821428	827785	829781	834696	810630	828342	819717	821336	805831
817047	826260	831640	832157	808364	823936	820011	818192	806395
817568	827739	830978	811745	830044	827505	822016	822405	808909
816258	832615	836943	834946	810366	826465	822219	817541	807273
817490	810119	831222	830061	830256	824994	820876	819456	806792
816228	809570	829957	831874	829044	820602	817795	820596	805455
807277	830316	835189	833888	832144	828047	822249	818739	808069
817760	829331	806811	833615	829248	820957	817796	820734	808565
820466	832511	831512	832419	810287	826225	821776	818396	808229
816890	807389	830321	828234	827480	824063	820017	816657	806043
818425	827816	829838	829246	828616	805625	818880	816663	807930
818427	829420	831117	832322	835320	824967	823103	812928	810196
817263	831897	828333	832094	828027	822100	807885	817748	806971
816945	826023	827505	832784	826894	822793	821798	807330	806121
819515	830297	832206	831402	832975	809237	823820	821509	810122
819489	835975	810281	834671	829882	830354	822433	822068	809661
809304	827841	835295	830946	828087	824753	821369	822283	808141
815742	833545	839156	837812	836474	826966	826779	824664	814070
