811089	817344	816075	822188	818398	802706	814342	813900	802319
817704	826780	827760	828730	826545	809463	821462	820866	810139
817653	825089	829765	826092	828169	809541	819608	820301	810912
812448	820931	826442	826048	825159	820721	808231	818319	807521
814150	820370	820750	827673	827352	819423	807327	818490	807518
816998	824379	828832	830351	824673	823222	808120	816330	807285
819539	827168	827419	830996	829080	822210	811968	820310	811772
814733	822197	827401	828787	827903	822222	808873	817100	810692
818859	811331	827907	828748	828392	822189	820672	817521	807919
819768	826787	828896	830254	830769	808405	819907	820641	810589
817910	823392	828063	832903	827387	809499	817702	821075	808590
817310	824509	827249	830881	826672	807481	821302	819613	809313
816946	823539	826350	828362	828126	808606	821212	819228	809313
815392	826888	829907	831788	826304	810499	822664	816869	811182
817157	825868	828146	827229	812171	821618	821006	816912	808655
816927	822357	823270	826313	811460	823122	819734	820166	811143
816354	822139	826338	826293	809556	820908	819601	816329	811793
815379	826312	829506	831532	811799	824132	819176	817464	809507
814043	822438	822783	809412	826142	817632	818205	816923	808498
817679	827967	829226	810402	827971	823996	820399	815798	808605
818865	823022	822982	810507	826966	819937	821333	815666	811325
817402	825047	829144	814232	830712	822608	825122	822101	810273
816773	823727	828535	813672	828217	824199	822049	818791	811395
819133	832262	829603	814720	831539	824880	821812	823191	809547
817992	825066	825803	812148	829750	820312	819298	819619	810349
820679	824914	825354	812355	831588	822689	820730	818249	812126
816076	825344	827952	812480	826899	823621	818687	818614	808514
814268	823632	825719	808978	827452	822227	820164	818366	806802
816654	827458	826509	814137	828214	822921	822797	819840	813344
817570	824593	827767	811714	831267	821511	819450	819175	811207
814705	811643	825668	830090	826739	822337	819356	818884	809072
815002	824425	824161	824150	826322	808071	819513	817932	808190
816493	823123	829209	827886	809933	822697	819758	817124	807187
809055	817288	822874	825942	804489	813690	812650	812848	801679
817389	823654	824967	830007	829143	820811	820301	810844	809485
815692	827560	828386	826139	826418	821386	819976	809467	808303
815433	826022	828528	831241	828805	824539	820891	811915	810482
816663	822621	823231	826996	827193	819933	815243	809227	806675
814890	822952	825252	827259	824742	819038	817273	806538	806205
812011	818522	822629	825052	824256	821503	817296	810161	807925
815630	823784	826002	828373	825797	821087	819816	810225	809970
815520	821985	827245	824091	827814	820363	817222	809793	807538
811059	822063	822529	828497	825906	820273	813951	808356	806469
814601	824506	826750	825156	826150	820504	815567	809213	809984
811467	823833	828178	827566	823650	822848	816848	811874	806493
818983	826409	826329	827270	828284	826278	822294	813349	810029
815315	825799	824448	833509	825578	823561	818051	810873	808991
815363	823418	824288	825522	824299	821511	816665	810303	808852
813600	820196	821872	821639	820888	815679	817049	808176	807555
815820	823914	824104	824917	826515	820351	807784	814321	806754
818575	822799	826083	828164	828654	823094	808194	816176	811373
810651	823551	825045	809693	823991	819578	818003	820673	807773
815368	821887	825915	809953	824831	820474	817552	820857	807226
819198	828161	829893	830684	814036	823317	820681	820238	813953
820075	827900	811827	829656	827139	821473	819312	817939	812197
818762	826001	827334	812663	826019	822564	821728	818601	813410
819579	824591	832427	813087	829665	823552	818868	820668	812307
816705	821794	826553	813173	826895	822265	821858	817603	808461
818834	826167	827189	812412	829486	822745	822820	818627	811175
816461	823370	826247	810742	825328	820053	820532	816976	806303
816347	825977	827825	811312	824075	819151	818371	816780	809275
818075	826486	829805	811931	828832	824621	820824	817894	810943
815422	811829	826240	825771	827047	819988	816156	818468	810317
816955	810437	828191	824391	824644	820812	817406	813280	810063
818067	813278	826706	824896	828203	822983	822083	818583	808697
816295	811281	827193	827390	826359	819909	818432	819898	810222
819829	830032	828632	826785	826515	811431	820616	819704	811895
813695	823660	823724	823663	822207	807450	816672	816110	810502
814391	821108	825089	823834	823063	807181	815963	819022	809547
816717	825858	821240	822501	824349	808920	816018	814714	808601
816905	821708	824271	822478	825103	808431	814282	816302	807975
818818	822793	825283	818834	823204	807741	819106	820035	809319
817639	808469	827108	825170	827806	821592	819854	817450	809537
816624	810845	826049	824396	826836	819223	817405	813724	806954
809556	826262	828695	828433	825930	819960	817961	817527	809720
813376	828338	826586	826887	830619	824046	823307	820218	810947
812084	827209	828016	826136	828485	823507	819090	819544	811097
817834	825374	827041	825997	810779	818038	815211	818341	811942
820968	826829	813634	829457	831858	824830	820384	819178	809934
819705	827248	814223	830558	830271	824344	821313	817771	809797
817046	830320	811669	831369	830981	823415	822950	818617	809506
818965	828098	814564	830118	829979	824534	818528	821093	811168
816231	825537	808824	824830	824217	821766	817317	817110	811078
816449	825024	831884	814100	829411	825465	822054	819596	809968
816781	825879	826843	814430	826571	821371	816460	816374	808307
816067	828586	828868	814906	828842	825785	820167	818252	812817
812541	825426	827274	814198	823904	817035	817735	817145	806424
813459	827983	824341	822257	827887	822349	818978	817212	811782
811320	830712	826080	822689	825457	819894	819512	818662	808153
808067	822632	825567	820524	821687	816698	817402	815006	806424
814092	823371	809674	820522	822578	820953	817297	813965	806469
815975	822563	810952	822199	824077	818243	818041	812610	806911
814667	821380	807709	823725	825932	821278	818389	816886	809942
815434	827149	812417	823998	827232	822621	818272	820371	811738
815086	824152	828457	818719	824284	821237	809474	818226	807996
820018	827950	829282	825206	831667	822903	813404	820071	815507
819050	826488	825699	823637	827516	820076	810705	818606	810652
818234	827282	823637	823930	826195	822888	810986	820787	810780
820906	828867	826181	826049	828539	822631	810929	820439	811974
809342	824605	825768	824258	825123	819256	817570	815958	806887
